22
34
21
28
28
22
22
24
23
22
21
25
27
23
32
20
32
24
20
26
22
21
22
28
22
21
25
24
24
23
24
22
22
26
25
23
24
23
29
30
25
26
25
25
21
28
34
21
21
22
23
22
28
34
25
24
26
25
23
31
29
49
29
26
23
26
28
27
24
40
25
26
37
28
28
22
23
26
95
23
28
22
25
22
21
29
22
21
30
23
22
26
33
25
24
30
20
27
28
27
20
19
23
27
26
24
25
81
27
21
25
29
25
34
113
26
22
27
28
24
21
21
25
30
25
22
23
22
26
30
21
22
23
21
20
21
142
23
22
21
22
28
57
21
33
22
21
22
22
21
33
22
28
21
32
140
26
23
23
23
21
25
29
23
22
26
25
26
25
25
48
37
73
28
25
26
27
33
25
25
23
24
43
44
31
21
25
31
23
24
41
27
28
27
33
25
23
22
98
27
21
20
22
25
50
23
22
23
22
21
22
26
22
23
22
21
22
20
35
24
23
24
28
22
21
22
21
25
21
21
23
29
21
25
26
84
23
22
46
25
25
31
25
34
22
21
22
26
23
24
21
22
24
23
22
28
27
22
24
25
19
24
28
22
26
25
26
22
27
22
36
25
30
22
21
22
28
29
24
22
24
23
22
19
24
22
19
25
23
41
23
29
21
20
21
20
21
22
21
22
63
22
29
22
25
23
59
27
37
25
45
23
26
22
21
22
24
23
27
21
23
21
22
26
30
24
62
21
23
22
31
31
25
22
21
24
23
22
24
26
22
21
22
19
25
26
22
21
23
24
21
23
22
46
24
45
38
29
22
45
39
27
72
24
24
43
28
22
21
50
23
26
25
29
22
21
25
24
28
30
26
25
20
22
21
23
26
22
31
23
29
25
29
32
31
30
24
27
24
23
32
56
26
28
236
24
23
22
46
24
320
51
22
407
29
31
34
122
22
41
111
41
38
46
162
100
69
26
32
26
21
161
40
46
21
23
22
23
22
23
24
28
30
27
71
26
57
50
27
86
23
23
42
26
21
26
29
27
22
24
249
174
73
29
25
57
33
21
30
43
24
170
26
23
26
29
96
27
24
22
30
182
61
40
34
129
26
160
97
27
26
25
25
128
25
135
33
29
34
31
23
37
36
37
279
233
63
53
21
80
22
27
29
66
22
42
26
32
25
35
31
84
23
23
22
27
25
24
21
34
26
25
43
32
26
25
24
21
22
26
25
22
68
20
26
23
23
28
24
23
22
25
32
28
25
29
24
39
26
25
22
31
55
36
28
27
21
24
24
30
34
26
22
25
25
23
25
41
31
29
31
34
26
22
24
21
21
26
142
134
251
89
33
55
41
75
34
22
23
29
19
23
32
21
29
27
22
48
27
60
44
32
31
24
22
40
19
23
27
26
340
23
63
27
21
39
20
47
42
34
21
28
21
30
26
26
26
30
29
55
32
33
38
27
35
24
23
21
33
27
88
30
42
36
64
30
24
28
49
22
43
82
25
32
31
37
36
25
26
29
28
26
31
23
24
31
33
25
26
24
36
31
35
25
26
37
18
25
24
21
27
29
25
105
29
45
24
83
34
23
22
69
23
24
24
36
26
24
25
26
24
38
23
23
29
26
23
28
25
22
24
28
21
28
21
27
27
