20
24
24
23
22
26
26
30
24
24
33
22
20
27
32
24
32
25
24
20
25
35
23
26
46
25
24
46
28
30
37
29
21
31
49
26
34
23
69
22
24
29
29
30
59
26
31
26
23
29
24
21
32
26
22
31
30
21
23
29
32
42
21
24
21
23
38
23
21
22
21
25
22
23
22
23
26
21
24
25
24
23
21
33
24
46
33
36
23
25
29
29
33
23
23
31
23
24
24
33
29
39
26
26
24
26
26
22
28
24
84
25
23
25
35
30
22
28
41
23
26
23
26
24
30
23
24
22
21
25
22
21
25
21
22
35
24
22
33
24
32
113
26
29
42
36
25
29
22
21
25
22
23
22
25
21
24
22
28
33
25
22
29
27
26
23
22
32
27
26
22
24
35
22
27
22
25
31
22
23
30
24
34
25
30
22
25
24
24
26
26
22
24
28
31
67
29
27
25
23
28
34
38
24
23
26
28
34
22
33
21
21
24
20
25
21
20
21
23
22
24
23
21
22
21
24
26
25
26
28
29
24
23
24
31
25
27
22
25
26
22
23
24
26
26
40
36
25
24
30
22
34
27
26
29
20
32
25
32
41
22
26
24
22
22
23
29
24
22
28
23
65
34
77
95
171
26
24
23
31
29
23
22
20
24
23
29
21
27
21
25
26
24
23
22
30
25
24
20
46
30
29
24
22
31
23
20
27
24
21
23
22
23
22
26
20
29
22
22
24
27
24
25
23
33
25
24
83
47
38
99
24
59
80
21
28
26
24
23
21
20
22
22
29
26
26
26
25
26
21
22
36
27
35
22
21
23
28
23
25
27
33
31
26
39
138
26
30
23
23
24
23
21
32
34
35
26
24
56
25
24
28
32
27
26
22
22
27
20
21
22
27
23
33
22
26
29
30
25
26
24
27
37
33
22
21
59
25
24
21
30
34
26
30
30
20
28
21
30
26
25
20
24
23
21
22
22
19
23
30
26
22
49
24
63
30
28
26
25
53
21
24
30
22
33
24
24
27
21
37
21
25
24
22
25
21
27
20
26
35
84
27
82
25
24
24
44
53
30
35
25
24
30
23
25
30
29
29
25
29
24
21
24
29
25
25
24
33
22
36
23
23
33
25
24
21
21
23
66
24
25
47
30
23
21
21
23
36
22
23
22
26
25
29
24
34
91
30
29
29
28
21
22
37
23
21
22
30
22
24
27
23
26
23
31
40
29
24
25
29
46
47
35
67
48
1550
32
22
27
21
23
21
24
33
24
33
22
30
25
23
24
25
29
24
21
21
29
26
22
30
26
24
29
24
27
24
45
43
22
31
22
23
25
41
29
28
21
26
26
24
53
55
41
24
42
30
27
24
27
23
24
25
20
31
23
22
41
21
31
35
31
25
31
49
27
35
25
24
34
34
22
25
30
29
24
85
30
52
25
23
27
22
39
26
41
24
58
47
23
24
53
42
47
23
26
32
35
55
69
27
19
24
29
29
32
27
41
25
28
26
24
28
27
34
24
25
38
36
26
24
37
21
23
24
27
23
26
22
35
29
31
26
27
23
31
26
30
24
41
20
26
24
31
22
29
23
21
24
24
25
26
30
47
30
29
26
25
84
27
29
124
20
41
31
29
29
21
32
27
28
24
27
47
21
42
25
25
42
24
24
31
23
28
26
23
26
22
27
31
26
25
23
42
21
29
29
23
23
27
29
28
27
29
54
23
68
29
38
33
23
26
25
42
24
22
21
22
20
30
27
25
23
33
22
22
26
22
24
24
37
47
29
27
25
19
23
33
22
30
29
25
25
24
24
33
20
26
30
23
22
33
37
28
29
24
30
84
24
22
27
43
26
27
23
23
22
21
34
28
47
30
30
23
119
28
25
26
27
24
23
44
24
25
35
24
21
35
27
21
38
27
21
22
24
21
23
30
90
28
30
25
25
24
29
28
27
23
29
36
26
21
22
25
24
23
29
23
27
22
23
22
33
28
22
23
28
24
26
21
24
24
23
21
61
25
23
19
25
21
29
37
26
28
23
27
29
29
30
43
33
33
43
27
29
24
30
21
24
29
23
22
24
30
23
21
25
25
27
24
21
23
33
29
40
24
30
26
37
53
51
41
28
24
22
26
21
22
30
36
21
21
40
22
25
39
28
25
26
27
25
23
22
31
22
54
27
27
26
33
28
28
38
30
38
24
21
21
21
35
21
20
22
24
23
24
26
27
30
24
22
25
33
26
22
30
28
24
21
20
23
22
31
34
24
21
26
24
24
21
29
24
23
28
23
25
28
31
27
26
22
31
24
22
31
22
22
25
21
27
33
36
24
28
24
23
29
22
24
101
22
50
26
24
34
25
25
23
22
24
25
24
26
22
28
27
26
23
37
24
22
26
26
49
25
29
32
24
29
32
24
31
21
27
23
22
25
24
22
21
22
25
27
23
28
24
26
26
32
45
52
48
75
24
23
30
22
23
20
30
29
26
24
21
21
23
29
28
26
27
30
35
27
21
26
27
42
28
22
36
41
42
41
49
38
22
55
23
25
25
24
35
23
27
53
54
21
25
24
24
27
25
24
20
60
26
39
25
28
26
64
38
30
31
24
35
25
31
62
22
21
26
23
25
25
22
26
41
32
62
66
69
44
20
24
23
26
24
25
24
49
30
29
33
22
49
31
29
24
30
29
40
26
22
23
37
20
24
33
28
24
21
24
33
32
27
26
26
24
34
21
51
27
30
24
28
25
22
30
27
28
22
25
21
24
41
37
28
33
25
30
26
23
32
33
30
25
28
23
23
22
53
24
33
22
34
30
22
21
29
26
21
26
22
22
25
24
23
27
24
32
45
23
23
29
23
27
21
22
20
23
21
22
23
22
24
45
25
21
23
35
25
27
22
22
23
27
39
25
23
32
33
22
18
28
29
23
32
27
28
67
53
32
22
24
26
32
22
29
24
28
25
21
33
22
23
29
26
27
27
25
26
26
38
24
27
25
34
23
35
31
27
24
25
24
25
26
22
119
21
71
69
25
21
27
20
25
24
23
22
26
22
23
49
24
23
24
25
23
22
26
22
21
27
41
29
50
22
35
36
29
32
53
21
29
52
21
69
21
22
27
35
24
24
43
28
22
35
24
30
24
23
21
23
24
28
36
21
25
31
25
24
26
21
34
25
23
74
23
36
20
24
23
34
22
23
54
21
23
35
31
26
23
21
26
23
29
23
22
22
46
20
30
36
21
23
25
24
22
28
25
37
38
27
25
23
24
22
25
24
23
22
25
23
33
41
24
22
28
28
22
38
22
22
22
35
26
25
24
26
23
28
35
30
30
22
73
23
22
39
27
32
26
23
27
24
27
45
45
49
34
25
26
28
29
30
24
24
30
29
78
21
30
21
22
23
25
24
20
21
25
24
22
23
25
34
23
27
27
22
33
29
31
19
21
22
33
29
21
23
29
21
22
30
34
23
25
30
26
22
28
36
27
21
25
23
38
22
45
25
44
35
26
78
24
22
30
37
22
22
24
24
24
23
23
27
25
26
22
23
20
51
81
26
24
23
21
25
23
22
27
23
34
26
25
24
24
26
24
34
26
24
57
51
32
24
42
44
22
23
24
33
22
29
23
23
25
23
22
28
26
23
24
22
20
28
23
24
25
23
24
23
25
57
24
25
30
28
21
23
27
33
71
30
24
26
31
78
41
24
25
22
30
84
21
22
30
21
25
24
26
23
21
27
28
24
22
23
31
25
29
22
22
46
32
21
24
24
26
29
23
31
29
33
25
44
25
23
24
43
33
30
27
26
32
27
35
21
23
35
26
24
20
22
50
32
23
22
42
25
28
24
26
22
26
25
61
24
47
27
29
38
23
25
31
21
23
28
22
21
25
51
35
29
28
21
34
32
24
23
27
23
21
25
30
123
29
22
28
21
24
25
33
24
23
30
21
22
25
22
23
21
25
69
24
33
22
26
22
26
36
28
41
37
25
27
39
21
25
25
26
82
22
27
27
30
26
33
24
28
42
21
23
33
31
35
26
61
35
24
43
41
26
56
26
28
23
27
25
24
22
25
24
23
22
31
22
22
23
48
22
21
33
37
25
37
35
22
24
33
26
24
24
29
22
42
25
23
21
24
28
27
26
22
23
21
23
25
22
25
31
23
24
22
22
21
21
27
32
30
32
1408
25
23
34
23
23
23
22
27
24
45
21
21
24
21
25
21
21
30
23
24
35
31
21
25
27
25
59
34
26
24
21
29
21
23
23
20
21
28
20
19
23
25
21
23
21
29
25
22
21
30
31
25
23
27
65
39
66
30
30
31
23
32
22
26
21
27
24
24
35
25
24
23
28
30
24
29
29
26
28
23
23
36
37
23
39
29
26
25
23
23
45
23
22
23
24
33
26
29
23
22
27
26
25
23
26
35
30
25
27
31
48
24
29
34
27
23
28
20
27
21
31
22
31
23
21
31
25
24
21
22
21
23
22
53
26
29
26
22
21
29
31
23
29
22
25
26
38
30
43
31
33
22
28
35
26
25
24
28
24
31
22
37
22
24
22
24
26
26
24
28
39
24
40
28
25
20
25
33
23
24
26
23
42
32
26
27
40
56
34
27
21
33
21
43
23
74
52
31
39
39
35
24
30
30
22
21
21
34
29
25
25
22
22
26
25
27
24
68
21
31
28
48
27
34
23
26
21
29
36
30
21
23
23
23
25
28
32
24
19
23
24
23
24
27
23
118
22
21
20
46
22
25
21
22
21
25
23
20
24
25
21
25
24
25
24
23
28
21
23
24
23
29
21
27
27
21
26
85
28
26
26
24
53
34
20
24
23
21
23
31
24
24
28
25
29
24
27
23
22
23
23
29
27
22
25
24
34
23
25
38
25
25
23
24
23
24
23
32
23
22
75
25
22
117
21
35
21
61
23
43
22
26
59
27
64
22
21
25
25
26
27
24
22
28
26
25
27
21
34
31
27
24
26
24
33
26
25
66
29
48
24
58
28
28
22
41
48
24
26
21
24
27
29
23
24
22
23
26
25
26
21
30
22
23
32
55
20
28
21
28
24
22
90
24
45
24
48
22
43
38
32
22
21
23
43
35
27
23
24
24
24
25
73
108
29
24
23
22
22
22
21
37
23
21
19
28
144
23
24
21
59
23
21
23
21
28
21
26
24
33
21
25
31
26
27
23
89
26
24
23
31
32
23
35
21
26
23
22
23
21
41
22
34
23
26
24
22
27
42
26
66
25
26
24
23
26
28
28
30
25
25
36
25
41
23
26
21
20
22
25
21
22
28
24
21
26
29
50
23
37
21
25
23
22
24
22
32
21
25
20
24
21
24
26
28
33
36
57
38
25
24
28
23
35
23
28
29
23
28
23
26
23
35
27
39
23
72
23
28
22
28
23
39
23
23
23
23
21
19
48
20
20
23
32
21
28
29
22
25
22
23
22
21
22
21
20
26
39
23
25
23
25
22
23
29
25
27
46
22
22
40
22
51
37
31
38
23
23
25
22
26
27
23
22
23
22
21
21
23
29
22
64
31
26
25
27
31
25
24
25
23
31
26
33
33
21
23
22
28
21
20
24
35
24
22
24
22
25
54
24
34
22
86
106
24
30
24
45
26
23
23
34
31
23
26
22
36
23
22
29
21
22
23
23
22
21
33
24
28
22
86
25
25
21
26
26
40
26
26
25
33
30
23
22
26
21
22
20
26
22
27
21
22
27
19
28
23
22
28
21
24
24
21
20
19
24
27
26
35
28
34
26
20
24
23
35
24
20
29
22
23
26
34
23
23
39
43
48
27
24
28
21
23
25
73
22
46
23
64
64
66
51
23
67
40
66
27
23
23
22
79
25
24
34
34
36
23
113
28
36
33
35
30
32
21
20
28
25
36
34
25
26
29
25
31
22
23
37
29
22
28
23
23
23
42
24
38
37
29
26
23
25
27
36
24
23
26
25
23
27
28
40
21
40
23
34
23
27
27
24
34
23
21
25
33
24
66
28
64
24
28
62
28
26
24
24
22
20
23
31
22
22
23
20
22
25
21
23
21
25
20
49
24
25
36
26
32
31
28
36
23
25
23
22
21
26
22
44
23
24
24
23
22
29
23
25
27
24
25
24
23
25
21
25
23
22
23
22
34
27
21
27
23
21
24
23
24
22
23
22
24
26
28
35
23
42
27
25
24
23
21
28
25
24
24
20
20
26
22
21
32
19
25
22
89
23
34
25
25
22
22
21
23
25
31
23
24
23
23
21
24
23
33
37
30
37
37
34
27
25
24
27
23
22
20
28
27
25
45
22
25
75
34
39
26
36
31
23
30
28
26
36
24
32
43
28
66
22
25
41
23
27
21
23
29
23
25
36
22
21
21
24
23
24
23
21
21
28
21
25
28
24
23
22
21
25
21
24
22
22
34
25
21
28
23
22
26
29
27
27
21
22
22
21
21
24
28
27
23
24
22
21
25
22
23
25
21
23
25
25
23
26
29
23
27
27
41
34
20
44
23
21
27
20
30
24
23
22
21
22
21
22
21
24
26
30
37
29
22
22
26
25
24
20
27
22
26
26
26
115
24
20
23
22
22
24
26
25
22
22
24
25
24
34
22
23
21
23
23
23
24
25
28
25
25
23
30
69
28
22
19
21
21
30
26
26
67
22
33
25
25
22
32
27
23
21
43
23
26
25
31
33
23
31
28
23
24
39
27
23
21
21
27
32
27
26
25
40
21
36
21
30
25
31
33
32
22
28
25
28
26
22
22
26
24
21
21
21
23
22
21
19
34
22
21
22
24
22
25
26
36
22
33
25
24
24
28
28
24
23
21
31
27
21
29
24
23
26
24
33
27
36
23
24
27
28
27
22
32
24
22
20
28
81
28
20
29
42
28
22
21
23
21
27
26
28
23
27
47
28
44
29
25
28
43
24
26
31
31
23
26
24
23
19
25
27
39
23
24
22
22
27
25
31
98
28
108
24
36
36
24
25
40
25
169
24
24
25
21
27
23
22
20
26
25
26
27
26
21
27
26
27
24
28
21
23
92
23
25
22
33
21
30
26
59
29
48
30
38
43
43
34
32
63
26
55
22
28
52
25
37
28
61
33
27
36
28
38
35
26
29
52
41
22
36
23
27
31
58
23
22
21
27
30
33
27
22
21
21
24
31
34
30
35
35
25
25
24
46
45
23
22
30
22
35
19
25
24
21
25
34
22
28
34
23
26
27
24
28
25
34
29
28
37
29
23
21
26
24
24
27
22
34
21
42
21
28
24
23
22
27
24
25
32
27
24
25
22
25
23
25
31
23
21
40
21
32
24
22
26
26
84
25
23
24
23
22
22
27
26
40
20
27
23
27
30
26
23
29
35
23
23
24
30
24
25
25
23
26
30
30
23
27
30
29
29
24
23
21
24
23
21
30
24
25
21
30
25
23
27
26
24
32
24
25
21
22
25
49
22
32
22
21
22
26
30
57
25
71
23
29
22
21
23
20
22
21
25
21
22
28
24
21
25
26
24
23
22
21
30
21
27
388
23
36
25
85
22
29
27
25
24
24
35
23
22
25
27
23
20
21
20
21
24
26
25
24
22
28
23
22
21
21
24
27
31
26
23
32
23
45
25
23
31
94
23
25
21
35
27
27
23
21
28
23
22
23
22
21
29
27
30
22
26
29
26
31
22
30
22
40
25
32
26
23
19
25
24
25
25
48
33
25
30
24
23
23
22
28
22
25
46
21
21
63
22
21
27
24
23
22
20
21
22
21
23
27
25
21
23
23
26
32
20
31
23
20
22
21
22
28
21
28
32
22
21
22
33
21
25
25
21
23
22
24
24
23
22
104
22
59
42
61
25
77
26
62
22
22
27
26
22
21
25
28
26
37
25
26
23
33
21
29
23
27
29
23
23
24
23
29
26
29
30
29
22
40
21
22
21
25
21
33
26
25
23
25
34
23
22
32
28
22
32
27
26
25
34
33
26
46
22
28
29
22
23
21
25
24
25
28
26
22
33
36
30
23
27
21
23
29
27
23
19
23
26
24
22
21
23
24
23
24
23
22
21
27
77
101
30
34
45
27
27
25
73
24
23
23
77
29
65
21
21
23
23
23
25
22
24
64
24
35
31
27
23
22
29
25
34
28
56
22
36
20
30
21
23
23
22
22
27
21
35
32
28
22
35
80
25
24
26
27
22
27
24
29
23
20
28
22
21
30
22
27
26
24
23
21
22
26
22
22
63
30
23
30
28
22
28
26
25
25
33
28
20
26
39
30
25
22
23
20
34
23
24
93
26
35
24
33
22
31
28
36
22
37
24
50
52
31
57
27
35
41
27
27
32
34
27
27
26
21
29
35
21
36
24
23
22
23
25
24
22
33
24
26
37
23
77
27
28
43
27
28
21
43
28
22
24
27
24
22
23
22
30
26
30
27
30
42
25
26
25
28
111
39
27
22
71
23
22
26
30
54
35
29
33
25
37
37
29
23
29
30
22
26
23
23
23
21
24
21
21
47
25
24
23
23
22
22
26
24
22
27
30
27
25
24
23
25
23
27
836
29
22
21
59
34
22
25
29
20
21
23
28
27
28
50
27
25
25
24
32
23
25
23
24
23
52
29
22
21
25
24
47
21
25
121
24
25
23
31
24
25
24
22
23
23
22
23
21
23
22
21
22
21
23
24
23
26
48
22
23
22
29
25
24
22
30
46
34
37
23
26
24
37
25
30
27
38
26
59
25
26
25
24
38
21
25
21
28
3474
361
404
25
41
24
21
30
65
56
21
45
23
370
31
75
75
934
29
34
28
49
32
34
57
145
2301
786
1039
255
229
137
125
23
38
103
24
46
259
110
91
108
72
24
46
23
23
37
26
27
24
28
26
42
88
21
23
31
25
28
37
116
82
50
67
86
31
101
62
20
62
28
83
24
34
22
44
29
24
24
22
28
64
24
26
84
28
21
25
34
21
21
31
22
41
40
41
27
27
33
57
70
21
82
22
24
85
24
24
21
23
31
23
20
22
21
28
22
27
21
24
43
90
22
165
104
454
31
25
27
21
239
23
21
26
672
33
2275
776
3618
75
34
67
35
31
111
23
66
76
89
46
147
68
22
44
140
23
26
29
122
1442
26
35
22
28
57
46
20
26
21
23
30
25
23
22
21
22
21
27
22
38
26
70
37
55
23
265
25
71
26
23
21
28
23
24
24
24
48
26
25
25
26
24
24
36
27
32
23
30
22
33
22
25
24
22
26
27
22
27
21
25
37
23
22
23
22
32
24
23
22
25
26
35
24
24
27
26
28
21
21
29
20
21
32
23
22
21
25
23
30
32
28
29
39
31
25
24
24
28
26
34
21
22
24
21
23
22
20
28
30
29
21
24
98
36
128
29
27
38
21
22
21
28
23
22
21
24
30
21
22
22
23
32
23
22
22
32
34
21
25
34
35
23
24
23
22
21
64
25
22
21
24
25
21
22
23
21
27
25
24
25
21
22
21
28
34
26
40
28
35
28
21
29
23
24
25
22
23
25
48
21
26
25
24
23
24
23
24
22
29
42
49
26
25
22
24
22
23
20
25
21
26
29
23
49
36
45
51
23
28
23
30
38
29
34
28
36
25
29
24
21
28
24
33
25
28
24
28
23
26
39
48
29
26
25
21
27
31
25
22
25
95
154
23
22
161
127
28
27
26
311
54
31
114
60
126
155
115
228
183
315
201
176
467
87
30
155
197
303
180
180
117
41
78
249
197
24
26
23
23
38
28
24
36
30
27
29
27
38
25
27
25
22
30
40
29
28
30
29
28
25
24
23
21
31
23
48
36
55
23
24
29
27
36
25
24
20
24
27
22
27
25
21
25
24
22
32
23
31
23
23
25
25
34
23
37
27
25
39
32
25
24
23
27
21
22
28
22
23
21
25
24
25
24
22
21
25
24
22
21
27
26
38
22
34
28
23
21
51
22
67
29
23
24
34
26
24
66
25
25
32
27
39
32
26
67
24
24
24
24
25
23
29
23
31
30
26
25
24
23
29
32
21
20
25
24
28
20
21
30
26
24
24
51
32
23
26
25
27
24
23
22
29
30
22
20
21
24
24
24
25
20
34
22
57
22
22
65
22
26
26
19
22
77
281
24
23
114
55
178
27
29
28
26
31
51
44
28
38
69
38
23
25
88
100
129
443
65
28
27
189
149
34
29
23
19
47
27
35
27
21
25
26
42
35
27
144
33
39
21
25
26
24
32
41
102
27
22
50
52
38
20
55
52
22
28
24
21
22
21
22
21
26
25
24
33
24
23
26
38
92
23
23
40
51
111
31
46
32
23
26
24
24
26
21
34
21
22
27
22
22
23
27
21
21
22
25
26
27
27
23
27
27
24
23
21
39
35
30
109
25
23
23
21
32
21
30
24
27
25
19
22
26
25
25
24
23
25
26
49
27
70
54
40
30
28
37
51
44
28
22
25
24
21
27
25
21
21
19
22
24
22
21
23
21
20
41
23
29
28
27
21
23
22
423
31
29
28
28
27
31
28
22
25
24
28
23
20
24
25
23
26
25
26
24
29
28
29
70
25
22
21
20
27
21
29
23
35
22
21
30
26
24
33
22
22
29
22
23
22
29
22
21
26
23
23
24
23
27
21
24
24
27
53
26
32
94
26
22
26
24
33
26
21
24
29
21
23
22
22
25
21
21
22
21
55
27
25
35
25
52
23
27
20
20
20
21
23
23
21
22
23
29
33
26
42
22
22
22
24
24
26
22
23
19
22
70
21
31
24
40
22
35
26
28
27
27
21
25
23
22
40
25
25
22
35
33
29
27
26
25
49
25
23
22
26
29
25
24
25
24
22
23
24
22
22
26
26
34
56
23
55
24
33
25
32
23
26
25
25
23
20
22
23
21
23
26
24
23
22
27
25
21
22
22
28
22
42
25
30
25
25
22
26
22
32
28
25
20
22
21
30
26
22
21
21
23
22
27
21
28
24
25
23
28
25
25
24
23
25
23
29
24
25
23
101
27
25
27
23
24
20
25
26
22
32
22
20
25
25
32
24
31
40
22
39
23
34
32
23
23
21
23
19
23
47
22
21
23
21
21
24
23
27
31
25
24
23
30
30
28
83
25
24
36
22
22
26
29
23
21
29
23
22
21
22
21
22
22
21
25
24
23
22
21
21
26
22
24
23
25
23
24
25
24
23
25
28
37
26
23
26
22
26
54
23
21
21
23
22
25
33
22
21
25
23
23
21
19
25
24
43
25
28
33
25
28
29
80
107
36
27
26
75
23
33
25
32
236
21
213
23
29
60
78
27
44
25
34
24
124
60
24
26
22
22
31
21
27
24
24
31
22
31
24
31
23
67
26
39
26
26
25
23
23
23
23
22
25
51
23
22
29
27
23
23
25
24
25
23
22
21
24
26
24
25
21
23
21
22
27
26
25
23
21
23
22
21
25
27
23
32
22
23
23
22
27
54
25
33
27
24
31
25
88
22
41
76
35
22
22
30
25
23
25
25
22
24
25
24
21
23
21
23
27
25
33
34
31
41
23
24
63
29
43
22
29
31
21
28
29
26
22
31
23
25
24
22
23
22
21
23
22
23
22
25
32
20
30
33
24
23
22
23
38
30
39
40
30
23
26
24
27
21
57
24
23
52
21
24
24
27
23
25
60
67
19
26
22
35
23
22
25
34
29
22
30
24
23
22
21
22
31
22
40
23
27
36
22
26
49
23
30
23
20
27
26
30
23
22
25
35
21
20
24
32
21
25
30
26
25
23
20
22
21
24
23
21
22
22
27
29
25
23
23
22
21
27
22
22
25
24
21
24
22
25
21
22
36
26
26
24
30
34
23
32
25
25
42
28
22
24
23
21
21
26
22
25
26
24
58
23
23
21
22
19
24
24
36
24
24
31
24
23
22
31
24
21
23
25
23
22
23
21
29
23
48
23
74
26
28
23
22
26
26
21
25
21
24
25
21
25
28
28
26
24
33
29
30
23
27
37
30
30
54
21
23
22
25
21
21
23
22
20
21
22
26
23
90
25
39
24
32
45
21
21
27
26
25
24
46
23
24
24
26
42
30
21
32
28
23
43
31
25
22
22
24
22
31
25
24
23
23
30
28
27
31
24
23
26
26
24
23
36
22
32
24
28
41
28
22
35
27
33
30
34
25
48
24
29
28
60
23
33
26
30
24
33
26
24
29
35
25
21
27
68
26
24
26
23
21
24
22
28
22
24
73
27
51
24
31
31
52
26
29
25
28
28
25
27
27
33
20
23
22
33
22
25
25
24
37
23
26
27
36
26
23
21
29
37
32
27
58
25
27
42
28
27
28
25
23
24
28
22
26
25
24
23
25
25
22
26
21
25
25
23
23
198
387
32
39
49
33
38
25
24
23
25
27
36
29
24
29
72
26
27
23
34
29
23
29
25
29
41
23
22
29
21
23
32
21
20
28
21
25
22
25
35
23
22
23
27
24
32
27
29
24
26
46
22
24
24
23
21
25
25
31
23
24
26
28
24
25
42
37
25
40
24
25
25
26
22
26
24
29
23
24
25
22
22
25
24
23
26
25
24
25
23
20
21
27
23
21
22
21
23
87
20
23
27
25
71
30
30
41
27
25
23
45
24
22
22
21
35
24
21
22
25
20
21
23
25
27
30
24
23
46
28
26
41
27
39
24
23
23
26
22
32
31
26
26
24
29
25
368
27
35
24
25
25
22
23
25
23
80
27
28
38
22
32
23
24
25
23
25
23
25
22
21
21
19
22
23
23
23
21
22
21
24
26
24
23
26
27
21
30
25
27
28
27
35
27
23
22
26
19
23
21
25
29
22
21
22
21
28
26
24
24
53
23
29
27
35
25
25
31
22
21
21
23
34
20
22
74
25
79
37
26
25
23
27
25
24
27
24
23
21
25
31
23
25
26
24
25
23
21
24
23
22
26
21
25
23
22
25
26
22
24
66
24
51
24
24
25
24
22
21
23
22
21
588
36
60
24
895
3646
23
30
31
23
22
43
29
21
36
25
39
42
32
45
38
46
24
22
23
22
25
28
29
36
24
24
27
28
106
23
22
28
60
24
24
21
23
23
23
23
22
22
21
24
23
21
25
35
28
26
24
24
26
69
27
24
22
28
22
21
30
24
22
20
28
22
27
21
22
23
22
21
22
24
23
22
21
21
25
24
26
25
21
23
26
81
28
24
24
24
60
27
25
53
67
25
26
26
27
25
25
22
20
28
40
23
27
23
25
120
145
35
55
27
30
25
24
27
23
94
22
64
22
27
23
29
19
23
22
25
24
23
28
25
30
37
23
26
23
24
24
24
26
39
32
26
22
28
26
20
22
32
22
24
24
27
23
437
26
67
35
146
76
33
23
28
22
25
25
30
25
42
28
24
23
23
23
23
28
36
23
27
28
30
25
31
24
21
34
25
22
26
25
36
23
21
24
23
22
21
22
21
20
21
20
22
27
27
27
120
77
29
46
37
28
21
27
30
22
24
21
23
22
22
30
23
33
26
22
26
27
79
33
107
23
22
19
25
33
23
24
23
22
25
27
21
27
29
37
24
31
27
27
23
25
24
29
29
23
29
31
26
22
21
19
24
22
21
25
23
22
38
26
31
90
28
29
25
27
24
31
45
39
28
29
21
23
22
30
24
29
23
25
33
30
26
46
31
29
33
22
28
25
22
26
26
27
34
87
24
71
240
29
28
49
54
26
26
28
61
30
29
22
40
28
29
24
23
22
22
24
23
23
30
29
32
29
73
26
31
23
36
28
48
51
30
28
509
27
33
31
22
31
26
29
33
23
27
24
37
24
30
33
24
24
37
26
34
25
30
23
32
26
25
24
29
23
30
22
25
29
25
27
23
27
23
23
22
59
23
22
28
27
21
21
27
20
23
30
34
34
25
51
74
22
31
25
28
27
26
25
22
43
26
25
23
31
23
38
22
24
22
24
22
26
25
24
21
25
24
93
29
27
25
30
124
38
31
24
47
23
26
99
24
24
43
22
23
27
24
31
26
23
24
29
27
130
33
25
23
22
23
27
57
27
21
27
24
31
23
22
23
22
28
21
27
23
120
24
25
30
31
26
25
22
25
23
22
24
110
27
35
26
25
23
23
26
26
34
25
30
21
24
33
25
21
22
21
23
22
21
25
22
36
23
24
67
32
23
25
27
30
24
93
29
40
28
26
23
25
34
28
31
37
28
29
26
24
30
22
22
24
24
28
28
25
23
34
28
33
35
1272
24
30
22
24
45
29
29
60
34
22
25
61
31
56
26
24
35
24
23
22
22
22
23
21
23
22
27
33
39
33
25
27
31
23
30
31
42
40
36
24
29
28
27
28
45
22
33
32
26
22
23
22
23
22
21
21
28
40
25
24
29
27
25
27
26
23
24
27
27
34
27
43
22
70
27
23
24
24
22
27
27
21
30
25
25
24
22
49
21
33
23
24
23
26
34
45
36
62
26
25
43
44
25
26
29
23
23
56
41
21
23
21
24
29
22
22
31
47
27
26
25
22
46
35
22
34
29
24
28
22
25
24
22
22
28
36
23
21
24
23
29
32
26
30
26
24
27
25
23
25
26
20
27
23
22
21
25
23
25
24
26
24
20
21
24
26
23
23
24
23
22
26
25
24
23
22
24
22
20
19
25
19
23
24
25
24
22
23
29
25
24
693
1206
101
71
28
24
23
25
26
34
21
31
30
27
23
21
22
21
23
32
21
23
22
27
21
26
26
24
22
29
24
25
23
21
25
31
22
28
22
24
26
25
24
23
21
23
23
25
23
24
31
26
25
27
26
22
24
23
21
24
49
28
24
26
37
53
22
30
20
25
22
21
22
43
23
23
24
25
23
22
27
25
27
23
22
25
23
23
21
21
24
28
21
24
24
22
21
23
22
21
25
27
28
24
22
24
25
23
25
24
25
24
33
24
23
27
21
22
22
22
22
23
22
21
22
26
93
23
80
23
35
29
23
22
23
30
26
64
27
37
50
31
26
42
23
26
41
23
33
30
22
26
28
24
33
29
26
26
28
24
23
22
21
22
21
25
24
23
22
22
24
25
24
62
104
173
65
27
27
19
23
22
21
25
31
22
32
24
24
24
23
22
28
22
21
23
22
21
20
31
21
30
20
529
28
24
28
23
34
22
26
22
40
24
30
20
21
25
24
23
23
20
25
24
25
24
32
40
24
22
38
28
42
25
24
22
23
27
21
25
27
28
40
23
23
24
23
26
30
28
25
23
25
21
20
25
24
29
21
24
23
37
31
40
30
27
23
24
31
29
21
29
25
34
25
33
43
27
21
25
25
24
23
23
27
42
29
23
22
65
20
25
24
23
22
24
26
23
27
51
24
27
24
35
26
25
26
25
40
39
21
26
30
122
160
138
98
224
56
23
23
24
25
2719
949
27
189
290
221
22
23
28
24
20
108
347
27
27
256
375
202
371
35
28
27
322
145
409
189
498
48
27
32
25
329
171
290
434
23
25
165
28
27
31
237
79
180
230
52
77
586
457
333
537
107
75
80
114
153
119
196
113
145
226
195
61
201
300
439
103
112
25
32
28
24
129
216
37
23
22
256
160
64
30
2682
2224
28
22
24
23
42
23
25
24
23
22
22
21
22
23
22
25
21
30
21
22
21
25
23
22
30
25
31
21
24
25
23
24
25
24
23
29
23
22
21
29
35
26
44
30
27
37
29
24
22
31
26
26
25
34
23
25
23
25
31
26
50
30
24
23
21
24
22
28
22
23
38
23
39
23
27
25
24
23
22
23
22
21
25
36
25
21
25
25
26
35
29
25
36
31
30
25
36
29
1531
41
27
34
112
30
30
30
29
48
27
31
28
27
28
29
36
27
26
35
28
1157
2393
402
25
22
21
31
33
23
24
24
25
22
22
23
22
20
21
35
22
23
21
24
27
29
27
27
29
32
58
47
66
195
46
26
25
24
21
26
37
23
24
23
22
20
26
35
24
23
32
20
24
23
21
27
21
55
23
22
34
23
22
23
22
24
207
251
23
22
23
25
25
100
29
29
58
32
29
27
42
37
24
20
22
22
35
23
26
132
21
23
22
44
53
31
27
25
24
43
107
118
24
23
24
21
22
23
24
68
26
50
25
24
25
26
25
42
160
24
21
20
28
22
59
46
29
35
43
23
46
26
35
55
50
25
32
25
21
21
20
46
25
24
33
21
20
23
65
241
101
25
23
29
23
22
28
29
33
32
33
28
27
36
27
171
33
22
31
31
25
32
405
289
240
36
27
38
23
24
21
84
276
28
24
33
24
24
109
24
30
29
284
415
202
392
403
332
323
562
62
395
332
458
73
346
449
33
26
215
185
202
183
340
33
28
355
436
401
334
452
413
178
243
169
30
25
32
365
304
136
627
448
583
359
345
144
248
359
190
29
25
36
29
412
431
510
579
275
134
33
26
407
303
402
422
210
334
80
21
27
88
150
338
25
24
30
31
26
23
25
24
35
45
26
35
24
58
28
26
40
27
27
28
44
26
29
28
24
31
28
57
30
24
31
30
33
27
29
32
26
33
34
32
26
37
35
47
36
54
29
43
32
26
31
33
44
25
25
36
32
29
30
26
27
32
32
29
29
39
34
35
33
32
58
71
34
35
29
30
25
28
25
53
33
38
123
30
42
26
28
26
27
28
29
3301
26
30
31
29
23
24
41
31
27
77
26
28
27
25
23
22
30
35
29
31
27
26
30
29
28
31
28
32
30
24
43
25
29
30
120
33
31
30
37
37
31
60
33
31
25
54
28
36
26
38
31
915
46
30
32
37
26
27
72
26
28
30
39
32
26
25
110
28
37
31
29
66
32
49
115
28
36
330
194
31
26
26
37
25
47
44
26
31
27
495
86
33
34
23
33
22
27
30
70
128
534
350
343
269
393
232
197
67
98
314
333
499
251
361
246
502
234
362
343
82
27
31
52
31
95
128
26
65
26
26
119
190
50
61
63
35
28
85
29
34
39
30
29
40
34
27
51
34
55
51
192
31
32
45
37
29
172
46
69
40
28
30
49
26
27
31
28
29
45
28
81
46
55
25
27
26
93
33
31
30
36
30
29
29
141
67
33
41
32
72
186
42
79
2820
30
53
173
37
28
100
30
49
25
174
35
26
30
49
137
26
65
29
25
25
26
30
71
38
29
32
61
28
130
31
24
30
124
180
58
24
25
35
318
40
304
48
108
37
42
95
24
28
33
32
1939
1255
957
68
273
316
85
65
27
47
32
37
78
34
49
30
31
35
31
30
35
41
25
76
35
30
41
58
31
32
31
42
35
34
31
31
38
31
74
27
29
38
27
24
28
26
24
31
27
36
34
29
31
48
32
31
30
31
42
34
26
25
31
25
26
32
37
40
27
35
90
107
88
34
86
53
32
67
43
52
34
43
30
36
30
33
41
26
23
39
62
27
40
32
26
28
40
65
32
47
27
38
27
29
25
33
27
28
27
26
33
32
30
127
32
32
47
36
144
26
57
41
34
56
50
42
56
87
76
33
45
99
74
29
90
38
51
74
35
30
28
30
34
35
62
46
35
24
28
29
57
30
28
32
61
27
95
68
27
49
85
39
35
78
36
31
30
31
130
135
235
205
138
94
24
28
28
142
30
114
31
26
34
31
28
46
99
124
36
32
31
30
32
27
173
34
49
268
197
272
374
330
81
248
90
148
27
321
227
53
129
42
30
74
102
32
28
52
31
30
31
53
27
33
28
29
24
33
21
24
27
31
29
35
24
23
26
27
27
30
31
30
32
30
32
33
31
160
28
33
35
23
22
23
25
33
25
23
23
31
24
41
25
35
90
28
26
36
34
30
34
35
31
32
29
30
31
28
28
24
28
62
26
30
33
32
32
39
27
34
58
38
53
29
44
48
33
27
26
27
29
26
26
32
32
25
26
26
60
294
33
33
32
35
32
41
30
32
28
30
28
35
27
36
26
29
28
37
50
35
26
101
32
32
72
32
25
32
41
29
32
278
38
29
27
31
30
29
28
38
29
30
48
26
35
34
29
29
25
24
34
35
25
35
29
30
35
34
26
41
35
28
63
27
29
34
23
42
34
25
27
34
63
24
33
25
22
28
25
26
22
24
24
24
31
28
25
35
31
28
29
31
27
27
28
29
27
20
26
73
22
28
28
31
24
29
28
26
30
25
54
24
30
29
24
24
32
21
23
23
20
22
24
23
23
22
30
30
39
26
27
55
32
26
29
25
1796
26
27
25
23
24
24
25
25
23
22
21
24
33
20
27
23
22
35
27
29
35
25
35
23
39
37
30
21
28
24
24
22
20
20
24
27
24
29
24
23
20
25
28
27
25
31
28
29
26
26
22
23
47
25
26
22
33
67
23
79
21
29
51
79
27
26
29
24
25
26
29
32
32
25
24
23
22
75
30
37
37
26
28
26
25
28
33
31
43
57
23
40
24
25
27
32
23
21
27
21
24
21
21
23
28
32
24
32
28
36
27
25
28
27
30
26
22
36
27
30
29
29
35
23
24
27
79
30
30
25
33
71
23
86
22
21
25
21
25
24
22
22
22
25
28
36
28
28
49
30
52
28
24
25
94
31
23
27
25
27
22
20
28
23
23
20
21
25
27
23
22
21
23
28
22
27
26
29
96
30
62
77
20
22
25
21
22
28
21
61
22
21
21
23
25
22
29
22
34
27
27
32
37
1139
24
53
32
34
25
64
25
57
22
23
26
33
21
30
27
27
31
138
29
26
68
24
21
27
26
22
33
27
24
23
22
31
21
27
27
36
31
25
49
213
37
25
31
35
27
23
31
22
22
23
23
26
62
25
43
29
26
54
26
25
26
22
121
47
40
25
54
30
21
51
26
28
52
21
21
22
33
22
34
40
30
38
28
34
28
27
25
26
22
23
22
23
22
22
67
25
24
23
27
26
21
23
65
35
25
24
28
40
28
25
23
27
28
24
23
36
32
28
21
29
52
27
33
30
41
21
51
33
27
20
22
22
26
23
25
40
33
24
28
34
125
31
95
28
36
26
25
24
22
22
23
34
22
28
27
25
22
29
33
32
24
21
21
21
28
20
26
21
23
32
429
28
34
39
32
28
51
42
23
28
22
26
23
27
22
27
25
29
23
24
21
29
29
29
29
27
41
22
25
33
30
27
35
28
33
27
43
24
24
23
20
23
21
25
24
23
26
25
27
22
25
29
25
90
25
27
40
23
75
28
59
23
22
21
23
22
23
26
35
23
24
22
22
23
25
21
25
24
28
28
28
26
30
25
29
22
23
24
22
39
40
22
26
92
104
26
30
25
26
25
25
33
33
26
25
20
26
47
30
22
25
43
30
22
23
51
28
27
21
27
27
30
40
26
47
26
30
24
28
25
22
22
24
27
25
32
22
33
26
32
27
67
92
27
23
22
44
29
25
23
21
30
30
23
21
25
25
23
21
22
24
24
22
21
27
26
51
29
67
22
31
30
22
26
29
32
21
25
25
25
28
24
41
23
21
22
19
23
22
19
24
25
23
22
26
26
35
26
25
25
24
29
36
27
69
26
30
28
29
26
37
24
33
26
24
28
57
43
27
23
34
25
36
54
30
25
37
51
23
45
94
140
168
24
22
25
21
24
34
21
30
26
29
21
26
25
126
33
44
21
25
32
27
21
29
23
29
23
24
27
26
25
23
24
62
25
24
27
25
23
21
23
27
20
22
21
25
28
83
51
82
103
61
22
23
25
59
40
90
26
25
42
26
44
54
26
25
72
88
36
29
28
31
28
24
28
19
22
19
21
24
23
21
95
24
33
23
32
25
32
30
37
51
26
23
32
26
22
23
24
31
25
26
283
30
28
29
28
48
61
47
55
30
26
24
28
23
24
23
50
48
25
34
28
74
23
25
24
43
31
23
29
33
27
36
30
22
31
22
24
33
28
30
26
28
159
35
46
30
2808
836
32
29
30
43
37
22
38
35
24
28
30
21
23
839
24
25
62
26
28
26
23
24
24
25
45
29
74
32
24
425
23
30
28
22
32
42
28
46
44
23
29
28
24
26
25
33
23
45
68
23
34
24
23
27
35
21
42
25
25
84
35
42
41
53
67
30
46
32
29
23
27
28
44
55
40
28
66
51
28
41
38
27
33
27
28
25
29
22
22
36
67
31
39
81
42
24
30
55
29
26
36
27
28
35
26
83
28
36
51
40
26
22
23
20
26
23
22
25
25
23
23
22
26
24
79
21
31
29
25
25
25
24
22
24
29
26
23
22
26
25
24
23
25
19
25
26
24
25
24
82
32
42
24
26
45
29
33
29
37
30
26
21
26
28
35
26
28
22
59
144
146
143
28
30
29
30
28
25
69
40
36
42
28
34
29
30
27
48
70
214
332
30
32
31
25
29
21
22
30
27
30
24
21
30
23
111
29
25
37
24
23
35
24
23
26
25
24
23
35
22
23
21
41
26
31
35
25
56
25
57
24
49
26
51
41
29
56
54
83
155
37
25
21
23
26
22
24
26
146
27
38
29
24
27
29
25
24
26
27
55
26
21
43
29
29
36
23
22
80
51
25
24
92
38
22
25
22
23
20
22
25
24
23
22
26
27
22
20
61
26
31
56
46
26
46
22
25
22
49
25
22
23
19
22
23
24
20
25
25
23
21
25
25
23
25
22
21
45
24
23
21
31
25
24
30
22
31
24
45
42
31
29
30
26
39
26
32
56
20
23
21
23
27
29
38
24
23
30
29
22
30
22
23
22
27
22
32
27
22
22
26
25
23
25
26
32
23
31
27
28
23
65
29
28
134
24
32
30
27
91
24
22
88
27
45
32
30
20
25
38
24
24
22
23
144
35
88
45
30
35
36
23
29
71
25
22
34
23
33
24
23
21
25
23
58
27
47
24
25
46
35
22
36
58
27
70
38
155
135
59
58
24
39
22
81
49
37
25
102
22
97
24
24
23
29
26
25
30
36
38
22
24
23
24
32
209
22
29
24
28
22
24
32
22
56
35
22
25
187
25
24
254
22
23
30
37
247
60
24
27
25
109
28
24
23
21
25
29
24
21
32
45
49
24
24
39
24
27
42
25
123
25
25
26
65
23
22
24
25
27
23
21
26
59
25
27
27
22
24
28
31
25
23
30
29
22
75
86
25
44
25
24
24
25
22
29
56
29
23
26
28
51
28
26
25
22
20
30
41
25
47
21
22
23
22
22
21
44
26
24
23
24
22
21
25
24
22
31
29
66
23
26
23
38
28
23
22
75
28
20
29
26
22
21
24
22
25
21
27
23
47
23
42
34
22
26
24
23
31
30
27
23
25
22
21
25
29
23
32
21
23
23
22
26
203
21
20
21
21
31
20
23
21
25
22
25
29
20
27
23
29
25
24
24
45
33
30
27
45
65
25
22
71
24
28
26
85
24
23
42
32
208
23
33
21
23
27
73
23
24
65
26
27
72
25
26
28
25
30
22
24
22
24
24
29
23
21
23
25
24
23
24
23
24
23
21
31
25
24
27
24
35
30
24
21
25
21
22
22
24
24
23
21
22
21
27
23
22
23
22
22
23
22
28
23
21
25
24
25
22
26
24
22
38
23
22
22
80
24
20
24
29
20
21
28
44
23
22
31
28
30
26
20
23
24
26
22
25
43
26
56
27
29
29
60
22
25
22
23
22
21
30
27
22
30
21
25
22
21
23
21
22
21
25
25
25
48
26
48
21
23
24
23
28
25
22
20
21
22
23
25
67
61
33
27
25
22
21
21
24
24
73
24
23
70
28
37
37
21
24
27
36
26
27
23
27
21
33
22
21
23
26
21
23
23
22
26
25
24
43
24
22
21
23
26
24
26
24
23
53
19
25
22
27
26
20
25
24
22
25
22
28
27
26
44
29
26
30
36
26
39
49
26
23
23
23
25
34
21
24
24
21
24
25
23
25
23
22
27
30
26
65
28
119
30
23
22
35
25
84
29
21
24
22
25
22
23
23
117
29
24
50
30
23
36
29
24
24
33
22
30
30
22
29
22
24
22
30
24
23
23
23
29
28
26
23
26
23
23
32
29
24
29
25
24
85
22
24
26
24
31
37
20
27
22
27
26
24
29
23
25
25
49
24
23
21
23
24
23
22
21
23
23
22
20
27
43
36
23
23
46
30
24
83
26
27
40
24
43
20
24
25
49
25
25
24
30
23
25
22
41
21
19
29
23
30
21
24
24
47
23
22
26
24
56
26
24
33
52
28
40
29
23
22
102
28
33
22
26
31
24
25
24
24
22
21
23
22
23
27
41
41
25
25
90
23
46
21
22
26
34
25
48
23
93
26
55
22
23
27
24
20
21
27
23
22
21
22
21
27
24
23
34
28
155
27
26
39
27
25
28
26
41
73
25
25
28
27
41
28
31
79
24
23
27
36
24
22
23
24
25
22
21
26
115
24
24
32
31
36
28
29
22
28
33
48
23
41
22
29
23
24
24
32
29
24
24
28
21
29
23
24
22
26
21
41
22
24
23
22
23
29
26
23
23
21
26
26
25
23
25
24
23
21
22
24
27
21
23
25
24
23
25
24
23
44
21
21
26
28
74
24
23
25
21
24
22
27
21
25
27
199
36
24
27
25
21
29
24
144
29
21
23
38
23
23
38
42
22
26
23
48
34
25
22
26
25
23
22
32
25
29
28
66
22
23
30
75
30
31
28
23
22
24
23
21
25
27
29
36
25
30
27
28
26
24
25
61
24
24
23
24
29
25
20
29
23
24
23
25
150
26
42
26
23
22
24
48
24
29
25
22
29
26
21
24
27
28
30
22
21
27
22
24
23
25
22
27
28
24
42
24
42
23
25
22
24
29
21
28
24
88
28
22
21
30
23
22
21
25
21
23
24
21
24
25
26
23
36
23
27
26
25
25
22
21
25
29
23
25
24
76
25
24
39
96
39
29
24
78
23
39
87
26
24
35
35
23
24
25
24
19
30
28
28
21
23
22
24
22
23
23
38
21
21
22
26
21
23
22
40
43
23
24
24
25
23
22
22
24
33
29
33
27
21
28
34
22
24
25
33
24
23
23
25
26
36
23
22
44
26
39
21
28
22
21
25
23
23
21
29
24
26
22
31
37
26
27
22
22
39
33
28
29
24
36
36
24
23
23
22
21
21
22
32
27
21
25
23
42
26
27
30
27
53
30
25
31
21
26
25
22
21
23
28
31
64
22
29
26
41
28
29
25
28
20
22
23
23
24
24
22
24
23
28
32
26
26
26
25
24
23
22
21
22
23
27
21
25
25
25
22
21
24
22
22
22
25
25
22
23
22
26
31
24
23
21
19
23
26
29
68
24
50
29
45
27
42
61
24
22
23
21
25
24
30
23
57
26
22
31
25
23
22
29
26
35
23
105
24
36
22
23
54
36
21
25
27
23
26
47
24
32
37
26
62
28
24
24
153
39
24
19
45
20
22
23
44
26
21
27
23
40
23
25
28
27
31
28
22
30
27
22
28
24
31
32
52
25
45
24
28
26
34
31
31
26
26
25
23
22
97
25
24
29
21
27
21
21
23
22
23
28
25
26
22
25
51
23
47
21
40
28
41
25
183
28
24
29
20
91
31
162
38
24
37
23
22
19
25
22
22
21
31
24
35
24
26
25
24
32
85
27
39
27
28
29
23
78
27
25
22
39
21
26
32
48
24
27
24
23
22
18
27
22
24
21
23
25
29
23
45
26
25
358
26
126
21
24
27
19
24
28
82
26
24
36
23
51
28
24
41
27
24
23
22
23
28
22
21
24
27
30
22
26
23
27
21
26
26
29
23
25
33
47
27
27
23
30
23
32
23
23
26
40
33
22
25
21
119
42
30
36
189
23
24
28
25
34
2521
26
22
26
24
28
25
22
81
23
22
35
30
25
26
25
24
23
34
25
25
32
24
22
42
22
24
29
56
25
36
23
22
23
24
28
38
23
28
108
26
25
27
37
29
23
21
25
24
22
19
22
20
24
24
22
21
23
24
21
22
24
67
23
78
23
32
23
24
33
22
22
22
24
33
25
21
23
22
23
21
22
21
23
23
26
22
21
22
24
22
24
23
53
19
31
40
76
27
29
25
22
30
29
34
31
26
22
30
22
32
25
23
25
30
21
21
27
24
25
21
30
24
22
27
22
24
78
31
25
28
25
25
35
34
26
23
33
25
24
21
25
34
20
24
25
21
28
29
24
24
22
29
56
24
23
29
20
23
30
48
23
36
24
23
21
25
24
24
26
26
33
30
34
25
25
24
23
25
22
26
22
25
20
27
23
21
24
22
28
21
23
24
23
22
24
23
29
27
28
23
25
26
47
24
24
37
24
27
20
23
23
22
24
22
22
21
25
21
22
24
60
21
23
22
23
29
22
24
23
40
21
23
21
22
21
24
20
29
23
27
26
26
23
73
26
28
27
27
24
32
22
26
127
22
25
29
21
21
