23
29
33
21
25
24
26
22
25
21
25
26
22
22
20
26
22
26
24
22
21
24
24
21
21
20
133
24
22
23
27
24
24
23
29
36
22
34
27
29
23
29
22
28
22
26
23
46
21
23
22
22
21
22
28
25
23
22
21
26
22
23
21
34
23
31
22
37
26
52
37
30
36
29
28
34
22
37
22
24
22
34
24
23
22
27
26
22
21
22
25
21
25
22
21
22
23
27
21
32
21
25
33
27
31
23
23
21
22
21
22
21
22
21
25
27
23
22
21
21
25
24
23
22
21
30
24
21
29
27
32
25
24
37
23
29
27
45
25
21
25
37
21
20
20
34
21
21
24
25
24
28
24
28
22
25
23
26
25
27
20
23
24
31
24
31
27
27
25
27
27
29
22
35
21
26
24
23
42
20
21
24
22
20
25
24
25
21
22
21
25
32
19
22
21
21
22
21
27
23
32
38
22
25
27
21
28
25
20
21
24
22
29
26
24
27
26
24
22
27
23
25
24
25
24
22
25
24
24
23
22
23
22
24
23
21
28
25
21
18
27
21
20
22
26
25
24
22
22
23
24
28
30
23
25
22
23
22
32
24
23
20
31
22
21
22
20
21
25
19
22
21
22
22
28
29
25
1835
2012
77
20
29
97
77
24
25
24
23
22
21
22
21
23
21
22
25
24
23
25
22
26
24
23
24
22
25
24
23
22
21
25
21
23
22
23
22
21
24
1640
115
479
732
719
1448
852
1063
1206
21
22
23
26
22
26
22
22
21
20
19
21
22
21
22
25
19
28
21
22
21
27
21
26
25
21
22
21
23
24
22
21
23
22
21
24
22
21
25
22
21
28
27
31
22
35
24
24
23
21
20
26
28
24
23
20
26
28
24
26
24
22
23
23
22
25
23
20
26
22
21
22
21
22
26
21
25
22
21
23
22
28
22
88
22
30
24
21
24
26
21
22
21
25
24
25
24
23
22
24
23
25
21
21
23
21
22
21
25
19
22
28
26
23
22
23
21
31
22
23
22
28
22
22
24
22
18
23
22
21
20
23
22
26
25
24
23
22
21
25
23
21
22
21
24
24
26
25
25
29
23
1583
480
24
22
25
52
23
22
21
27
31
34
24
24
40
23
51
22
22
25
24
22
22
25
24
24
28
23
30
31
29
24
28
25
25
28
21
25
24
20
25
24
22
25
24
22
21
23
32
26
23
24
23
22
23
25
27
23
21
21
25
28
21
22
28
22
25
25
26
23
21
22
26
22
23
23
22
21
22
30
24
27
22
21
3457
23
25
30
25
31
25
21
22
23
33
24
23
25
22
25
27
21
31
21
23
23
27
24
23
23
22
21
23
24
23
21
23
21
22
25
23
26
25
24
23
26
28
28
43
26
39
28
24
27
24
25
24
23
34
25
19
21
35
29
23
23
22
19
33
25
21
19
23
20
21
22
25
25
24
23
22
24
26
25
27
22
20
22
21
20
21
22
21
21
22
26
25
24
23
21
22
26
24
33
22
22
21
25
24
23
22
21
22
23
21
19
22
21
20
21
20
21
22
25
23
22
21
23
19
29
24
27
28
34
37
22
24
23
25
26
58
21
39
30
27
22
31
24
29
22
33
21
23
21
25
22
24
23
22
21
18
24
23
22
27
25
28
26
123
46
107
434
1794
1805
2753
20
24
22
23
32
25
24
24
24
27
25
28
36
21
30
20
25
24
22
23
24
23
21
27
21
25
24
22
23
22
31
24
23
22
24
25
25
24
23
22
21
25
24
19
25
23
31
22
32
25
22
30
35
27
25
25
28
26
25
24
21
25
22
23
25
26
22
23
23
21
28
27
24
23
22
23
35
22
28
23
25
24
32
20
21
20
21
22
22
25
24
23
23
21
30
19
22
31
22
21
21
23
24
23
22
18
22
18
22
20
23
22
25
24
23
22
23
22
21
23
21
23
21
22
23
22
25
24
25
19
23
22
31
28
25
26
42
28
68
22
22
31
25
24
22
20
43
23
25
29
36
35
22
21
22
21
22
21
21
24
22
21
23
22
23
22
21
22
21
22
21
19
25
24
33
27
22
21
22
21
25
24
22
21
32
21
23
24
25
24
23
22
21
22
23
22
30
22
20
25
23
22
23
21
21
22
22
25
23
29
23
22
25
24
22
22
27
27
22
24
24
22
33
39
24
23
29
25
24
28
22
29
22
22
25
22
25
21
22
21
24
32
25
34
28
21
25
25
23
23
29
27
23
21
21
24
22
21
21
23
25
29
23
25
28
32
24
23
24
23
24
20
28
24
22
21
26
21
25
22
22
24
23
22
23
22
21
20
21
22
21
25
22
23
22
23
24
23
25
26
22
22
23
22
21
35
24
28
30
18
27
23
22
21
23
20
29
23
20
20
23
22
21
22
22
21
23
22
20
22
21
20
23
22
21
23
26
25
24
26
26
25
24
25
26
25
24
23
25
30
25
25
24
23
24
24
27
26
26
29
25
24
23
22
26
26
22
25
28
22
31
25
18
21
20
23
22
23
26
27
25
22
26
25
23
23
23
22
22
20
21
23
21
20
19
25
24
23
22
21
21
27
21
25
20
19
28
24
22
21
30
31
22
21
25
22
25
21
22
21
25
24
23
22
19
23
20
26
42
22
21
28
24
36
26
27
23
29
30
24
24
26
24
22
71
25
24
21
23
22
23
22
25
24
23
21
28
20
19
26
23
21
22
24
22
21
25
28
27
74
25
23
30
29
26
22
22
23
21
21
25
24
23
21
23
29
20
21
25
24
23
22
26
26
25
26
21
24
40
52
26
23
23
24
26
22
21
25
25
24
23
22
21
22
21
21
25
24
23
23
22
21
21
27
22
27
23
22
19
22
21
31
23
30
21
24
23
42
24
25
28
27
26
26
24
26
28
22
20
22
21
23
23
21
21
23
22
22
21
22
21
20
20
34
26
25
21
21
22
21
22
21
22
21
23
24
23
22
21
23
20
20
21
22
21
23
32
22
21
25
24
24
23
22
21
25
22
33
22
23
25
21
23
19
25
24
23
23
22
21
25
20
22
21
22
21
25
24
25
25
24
32
25
58
31
24
23
23
24
24
51
36
27
21
25
23
24
22
22
23
22
23
27
28
22
18
27
22
21
25
22
20
27
24
23
23
22
21
23
27
26
32
21
28
25
24
24
25
34
23
21
23
32
21
22
23
32
22
20
21
25
21
22
24
26
22
21
21
22
21
25
25
24
23
25
23
22
21
23
20
21
25
26
24
25
21
22
22
21
22
25
26
33
22
26
23
22
21
23
21
20
21
25
21
32
23
22
20
27
21
25
22
21
22
21
23
22
21
23
24
29
23
31
41
24
24
26
24
24
36
29
39
26
22
21
24
23
22
21
24
29
25
22
22
21
20
25
23
32
21
23
21
21
20
19
24
21
22
21
24
23
22
21
22
21
19
29
21
25
24
26
24
22
27
29
22
31
22
20
23
24
23
22
20
22
21
21
23
24
23
22
25
24
23
22
23
22
21
22
25
24
23
22
31
21
20
29
22
21
23
22
22
21
22
21
24
23
25
24
25
24
26
22
21
25
24
23
27
22
32
28
71
45
29
40
25
1405
22
21
25
43
27
27
56
20
21
23
23
22
29
25
22
22
23
22
21
25
24
23
25
32
22
28
24
1439
1320
1106
1429
24
21
22
21
21
23
25
23
23
25
22
23
22
21
23
22
21
23
23
22
21
23
25
25
23
22
27
21
23
22
22
21
19
24
23
22
21
19
59
21
31
20
22
21
25
24
21
22
21
20
21
22
21
45
21
25
24
23
28
25
51
22
22
21
25
24
23
21
22
21
21
25
24
23
24
23
22
20
20
26
25
24
22
21
25
47
26
29
27
25
25
40
23
21
26
50
23
24
59
22
21
24
28
22
21
35
23
24
26
27
21
25
24
23
33
21
22
26
21
22
21
21
20
21
29
23
27
23
29
28
28
26
25
23
22
23
21
23
22
22
50
23
22
20
31
22
23
22
21
25
23
21
23
24
33
22
21
24
24
23
22
21
25
19
26
26
30
27
23
35
28
28
27
27
27
25
27
24
22
30
21
21
31
42
25
30
26
25
24
22
21
24
23
23
22
23
22
22
24
23
22
22
25
23
21
23
22
21
23
23
20
21
22
23
22
21
25
33
21
23
34
27
21
23
23
21
23
21
19
21
25
21
22
21
22
23
22
23
21
22
19
21
22
21
31
23
21
25
22
21
23
22
33
28
22
19
23
21
23
20
31
27
23
22
36
22
18
22
21
22
21
22
21
23
21
22
21
21
23
18
19
19
27
23
22
28
22
21
25
23
22
20
24
23
22
20
27
28
23
47
23
24
26
31
23
28
24
33
20
20
24
20
21
22
21
28
23
24
22
25
22
19
25
24
27
23
22
20
22
22
23
27
36
25
26
25
28
22
22
22
21
23
22
25
23
22
30
28
22
23
21
27
25
25
24
22
22
23
21
32
22
26
25
24
21
25
23
20
23
22
21
25
21
27
22
19
21
25
24
23
26
24
23
22
21
20
18
24
21
25
23
22
24
22
20
21
30
21
28
20
22
21
24
26
21
22
21
25
23
22
24
23
22
21
30
23
24
23
22
21
25
24
23
21
25
29
28
22
28
29
27
26
26
37
24
27
26
25
24
50
31
28
39
48
23
22
31
20
30
22
28
23
27
21
25
21
30
19
23
19
25
26
22
21
22
23
27
21
23
22
28
23
22
23
22
22
23
20
21
21
26
35
27
22
19
25
24
22
21
23
24
25
24
23
25
21
22
26
25
21
22
21
20
22
21
25
24
21
23
22
21
22
21
27
21
25
27
23
22
25
19
18
22
24
23
22
21
23
22
21
22
21
25
24
23
25
21
23
22
21
23
24
23
19
25
27
26
24
21
22
21
22
21
25
24
20
22
31
23
28
43
26
39
44
22
21
24
39
23
30
30
22
21
25
29
34
22
26
27
24
27
29
26
37
27
20
29
22
20
20
22
21
23
24
23
27
26
25
24
21
23
22
21
22
23
22
21
24
25
24
23
23
22
31
22
26
25
24
23
23
29
21
22
27
30
28
23
21
22
21
19
25
22
21
29
26
38
26
30
27
26
26
28
32
28
37
39
22
50
24
26
21
21
27
23
25
23
22
21
21
21
21
25
24
23
23
25
21
22
23
21
24
22
27
21
73
21
45
24
24
26
22
21
21
22
21
27
22
25
24
23
23
19
25
24
21
28
24
23
22
21
20
22
22
21
23
21
28
22
25
28
21
23
22
19
24
22
21
44
24
23
24
25
28
25
24
23
28
26
67
55
38
29
31
24
38
36
26
35
22
28
22
22
26
25
25
21
27
23
22
24
23
20
20
23
22
19
25
21
22
21
25
28
22
21
25
28
37
31
102
83
22
35
24
25
26
34
22
22
40
22
23
48
20
29
25
25
23
21
23
24
25
21
22
24
23
24
20
21
24
23
22
26
21
26
24
27
24
24
22
24
23
22
21
26
25
24
23
22
23
21
22
23
24
23
24
23
29
18
22
23
22
23
22
27
23
22
21
25
24
22
25
22
25
24
22
23
22
21
19
23
60
20
28
21
26
26
24
26
26
24
27
23
22
27
29
26
21
23
23
20
31
25
24
23
21
25
19
24
21
24
22
21
22
23
22
21
24
23
21
21
25
24
20
21
25
24
22
21
25
24
20
24
23
22
27
21
22
28
22
22
23
22
22
21
23
22
22
21
24
22
23
21
20
21
21
22
23
21
23
22
21
25
33
25
25
39
28
40
34
60
25
26
45
29
51
29
46
23
23
32
27
21
19
22
21
22
19
28
24
23
21
25
24
23
22
25
24
23
24
25
21
23
38
24
23
22
24
23
21
22
21
23
22
21
25
27
23
25
21
22
21
23
21
28
21
23
27
28
31
36
26
24
20
23
26
33
22
25
21
30
21
22
21
25
24
20
26
24
23
23
22
21
23
25
25
24
26
36
31
23
30
29
23
25
21
19
23
39
25
23
26
25
23
22
29
27
30
22
21
20
19
21
23
22
21
22
21
25
19
23
22
20
19
22
20
23
22
24
20
19
25
24
23
25
21
21
24
24
23
21
27
37
22
65
28
21
27
24
23
25
23
22
26
25
21
35
35
39
37
20
22
22
31
21
27
26
25
24
23
22
21
20
19
25
23
21
22
21
25
27
21
28
24
25
24
23
22
32
21
22
26
45
25
20
27
21
26
29
25
26
28
23
38
21
22
22
20
22
26
23
25
29
24
46
22
21
21
19
25
22
21
23
30
21
24
23
22
20
25
24
21
27
21
25
19
23
22
21
20
28
24
26
22
23
22
26
25
26
27
23
36
29
20
58
26
26
26
23
23
22
20
22
22
20
23
21
21
21
28
24
23
21
25
25
23
23
22
22
22
27
40
22
25
22
28
22
26
21
20
18
25
21
20
21
25
22
21
20
22
25
25
25
25
22
21
23
24
25
25
21
23
21
63
22
25
23
22
19
21
22
21
23
22
28
29
27
43
34
25
25
28
35
24
25
25
32
25
25
26
31
24
24
20
24
22
22
75
26
25
26
22
20
19
25
24
25
27
22
22
22
26
20
25
22
26
25
27
21
25
24
23
23
22
19
18
20
24
23
22
29
33
23
27
25
21
23
22
20
25
27
23
25
22
21
25
27
19
30
23
24
24
28
22
21
23
24
21
24
27
22
31
22
21
22
21
24
23
22
21
24
23
32
21
21
25
24
23
21
25
29
25
26
23
22
26
30
27
23
26
28
26
33
28
21
30
32
24
19
22
21
30
27
26
25
22
26
25
23
21
23
22
21
23
22
21
23
21
23
33
36
60
26
25
34
24
21
28
27
26
27
28
26
42
21
58
24
25
24
26
22
23
22
21
25
23
27
21
26
25
26
23
24
28
26
23
22
82
31
82
21
31
20
25
27
22
23
21
20
22
25
23
22
25
24
23
22
21
22
21
22
23
22
21
21
22
21
27
25
23
23
67
23
22
27
29
31
22
25
24
39
23
50
21
23
21
22
21
22
31
25
23
30
23
21
22
21
25
31
27
20
22
22
20
21
24
28
22
21
25
23
22
25
24
26
23
31
24
41
27
41
26
24
22
29
21
23
34
21
22
22
52
42
19
27
19
23
29
27
21
25
24
23
26
24
23
22
21
24
22
22
23
22
24
23
21
23
22
21
22
26
25
24
24
23
22
21
55
23
21
25
27
21
24
23
25
24
22
21
27
21
25
22
25
42
22
21
21
21
21
24
22
21
26
22
22
23
20
18
27
23
25
21
23
22
22
21
22
22
23
22
21
23
22
23
23
19
20
21
22
22
21
25
33
24
23
37
25
23
22
21
31
25
24
23
21
23
22
21
26
24
23
21
22
40
27
22
25
24
22
25
24
23
21
19
22
44
21
25
23
21
21
23
22
18
23
22
23
22
22
24
23
22
21
31
36
457
24
27
24
34
29
25
26
28
43
27
20
24
29
27
22
21
23
29
20
23
19
30
27
23
24
23
28
26
22
29
23
22
54
30
24
33
23
19
24
22
21
21
20
26
25
63
24
23
25
24
23
22
23
21
22
21
21
21
21
21
21
21
22
22
22
21
22
21
21
22
23
21
23
22
21
24
27
23
23
23
22
23
21
24
23
21
23
23
23
22
25
33
28
24
23
22
29
21
22
28
23
26
24
24
25
36
22
36
29
23
24
25
24
23
21
43
22
23
22
20
43
22
26
30
19
24
22
21
23
22
21
22
25
21
29
21
29
27
27
24
27
25
26
26
24
22
22
26
24
43
30
20
29
41
42
25
60
24
22
21
25
22
21
21
20
22
23
21
22
20
22
21
22
28
27
25
24
20
26
25
24
23
22
21
22
25
24
23
24
35
23
24
27
26
37
25
24
23
26
21
24
21
32
43
21
29
28
25
26
23
24
20
23
22
21
22
26
25
24
25
22
23
22
21
21
30
21
22
25
26
26
22
23
20
21
25
21
29
21
26
28
20
21
25
23
23
22
21
22
21
23
22
25
24
23
22
22
21
22
26
19
22
27
20
26
25
24
22
23
57
21
25
195
23
26
26
24
24
25
22
29
32
26
21
21
24
27
22
38
20
22
27
21
21
23
21
22
26
25
24
23
30
19
23
26
22
21
23
23
24
38
23
27
27
36
26
22
25
31
37
26
22
34
20
27
20
22
23
24
28
22
22
23
27
23
24
23
21
23
24
23
22
21
19
42
22
20
23
37
21
23
25
27
23
21
22
24
21
20
32
20
23
22
21
32
21
25
21
22
21
22
22
23
28
21
21
25
19
24
21
20
26
25
22
23
22
21
22
22
20
22
28
27
23
22
21
27
21
30
23
21
23
22
21
25
31
23
29
21
20
19
21
25
24
23
22
21
27
23
24
23
22
21
24
23
22
21
25
26
23
27
27
24
23
32
23
22
32
26
26
23
30
22
24
27
28
31
23
26
25
22
23
20
26
22
21
25
28
26
22
21
22
22
21
25
24
24
23
22
23
26
25
40
58
24
22
23
23
27
24
23
22
20
36
28
23
21
23
22
33
24
23
28
23
24
24
30
24
25
22
34
20
21
24
23
37
21
25
24
23
23
24
21
22
20
25
24
23
20
26
25
30
25
21
25
23
24
41
22
24
23
22
21
22
21
29
22
24
29
23
56
24
22
22
21
42
21
30
28
24
79
23
22
24
23
22
23
28
25
20
27
24
30
22
23
20
26
20
22
21
27
21
23
24
23
25
21
20
22
22
21
25
23
22
23
25
21
23
27
22
27
21
19
21
24
25
22
21
22
21
23
22
26
31
22
26
25
24
23
19
21
22
22
22
23
35
25
39
23
22
23
22
21
25
21
22
21
25
22
21
22
26
22
21
22
21
21
25
24
23
21
23
22
21
18
24
23
32
23
22
26
25
23
24
27
22
23
24
23
22
25
24
20
22
27
26
25
23
25
46
42
22
32
24
23
21
22
51
24
23
21
25
19
24
26
22
21
21
27
25
24
22
23
27
21
24
23
21
25
22
21
22
21
28
24
22
22
22
32
22
21
21
23
22
18
105
25
30
21
25
26
24
23
23
23
31
31
22
27
25
24
28
29
22
21
21
22
21
25
23
22
23
22
23
22
21
28
22
20
19
24
24
28
22
24
26
25
24
23
21
23
22
21
29
29
23
44
29
23
26
44
27
29
25
56
24
28
23
29
30
29
31
24
26
30
24
30
22
26
28
25
20
27
23
22
26
26
23
23
28
26
25
27
31
27
24
22
21
25
24
23
29
27
27
23
24
21
22
30
26
27
23
22
22
21
22
21
23
30
26
23
27
25
23
24
25
23
22
25
21
22
20
24
21
28
29
26
22
21
21
85
22
25
22
22
25
24
22
23
29
23
23
26
23
23
20
21
20
24
23
22
22
21
27
21
28
27
26
27
27
28
24
22
81
23
30
37
35
46
23
22
22
21
25
24
53
22
20
24
22
21
25
24
28
22
21
25
53
27
36
25
26
29
22
25
24
22
55
25
23
22
26
25
26
68
33
30
26
22
31
25
21
27
21
23
26
22
21
30
24
25
36
22
25
31
34
29
28
24
27
24
25
37
24
60
23
25
24
31
40
24
37
24
43
66
27
24
52
26
25
23
22
23
21
24
22
23
23
31
20
24
23
23
22
21
28
22
24
21
26
76
24
23
45
23
28
28
24
26
27
24
23
31
61
22
21
27
22
30
23
24
31
22
24
25
26
25
24
21
23
21
19
24
24
23
22
33
25
24
30
24
50
22
23
19
43
26
28
27
38
86
24
24
35
23
47
58
24
31
23
23
22
27
28
24
23
23
23
32
21
25
23
22
22
23
27
23
67
23
25
24
23
23
21
23
22
26
25
21
23
22
24
23
22
24
23
22
21
23
22
21
27
22
21
25
24
25
36
35
29
23
26
28
27
28
23
30
24
20
33
21
23
27
23
25
30
22
23
22
21
25
23
22
21
22
21
22
21
23
22
22
26
26
25
23
28
26
41
30
30
25
21
42
24
24
21
20
21
23
19
25
22
29
25
27
26
24
63
26
26
35
76
23
25
22
23
21
27
24
23
22
21
22
21
25
22
27
39
26
27
28
25
25
22
28
43
29
23
27
24
23
35
23
79
21
22
26
24
34
25
50
27
28
23
25
28
23
22
20
20
21
21
21
25
24
24
23
26
23
32
24
21
44
42
25
30
25
24
23
22
22
38
20
22
22
21
20
21
22
21
23
24
23
24
23
30
23
23
63
24
37
24
20
24
28
23
34
48
27
27
24
24
23
31
29
25
28
30
27
38
29
30
21
23
29
23
21
23
22
35
29
25
27
33
24
27
24
22
21
21
22
21
25
25
23
20
26
34
24
28
21
21
23
27
29
24
25
24
21
25
24
23
23
22
23
22
22
21
25
24
21
22
21
25
21
23
21
25
21
29
21
28
23
25
39
27
23
26
88
24
29
25
26
99
25
66
36
23
22
24
21
33
21
27
25
23
23
22
26
27
24
26
19
22
23
24
25
23
21
25
27
31
50
23
27
25
27
22
22
30
27
28
28
23
36
62
28
21
25
34
35
25
29
27
29
27
20
29
21
31
23
34
24
23
20
26
25
24
23
22
23
22
28
30
33
24
24
29
26
25
28
22
22
21
27
24
30
29
21
20
26
25
31
30
32
20
24
30
26
24
31
24
22
22
21
22
23
20
50
29
49
26
20
23
30
23
22
26
25
22
26
22
21
24
24
26
25
21
30
26
24
23
27
25
32
22
26
21
51
21
20
26
28
28
23
25
24
26
25
23
33
29
23
24
22
23
29
82
19
36
21
25
24
23
28
26
25
23
22
23
22
22
21
26
20
24
31
23
29
68
26
39
23
22
31
29
27
26
23
30
25
28
25
32
22
25
23
25
25
23
32
22
25
24
23
25
26
22
24
26
28
26
24
42
26
25
27
21
69
24
23
20
30
24
25
27
24
26
24
25
22
21
22
29
27
23
28
24
23
21
23
21
21
23
25
22
21
23
29
30
53
23
19
24
21
23
23
22
24
24
22
31
30
21
24
21
29
28
30
26
27
28
26
52
26
21
24
23
27
51
21
28
21
23
25
25
50
22
38
27
24
20
32
29
25
21
53
22
25
22
21
21
20
22
21
25
24
25
22
21
24
25
37
51
26
25
24
25
20
21
22
32
24
23
22
21
22
18
28
24
23
24
23
25
29
29
26
23
31
25
24
21
22
21
25
23
22
28
22
21
22
26
25
24
21
22
21
24
23
25
21
39
22
24
39
21
25
24
32
25
27
22
28
23
34
25
21
26
24
34
22
28
22
20
25
24
26
22
23
25
21
25
26
24
23
22
24
19
21
30
24
25
23
40
36
24
23
47
20
30
21
22
22
26
25
24
28
21
25
21
22
22
22
22
24
32
25
23
32
25
24
23
26
34
25
24
23
22
24
23
21
20
24
23
29
21
25
24
18
19
25
24
24
23
22
23
26
24
24
22
21
27
33
35
23
33
27
22
29
21
24
20
20
25
28
24
22
21
25
24
22
970
667
24
22
24
24
25
26
23
21
100
25
26
33
23
24
22
21
21
22
21
24
25
29
23
31
25
28
22
25
1076
1244
29
33
21
24
21
22
26
30
19
25
30
24
23
22
24
28
22
21
24
23
22
21
22
21
25
23
25
29
23
23
1588
1946
37
41
22
22
20
30
104
21
50
24
23
22
21
25
24
23
25
29
23
23
30
28
27
27
23
23
27
27
23
22
33
40
32
31
33
20
25
24
23
21
22
21
20
21
21
28
22
21
23
22
20
1142
32
29
34
29
24
21
33
22
29
22
25
21
23
19
25
32
27
23
24
23
50
26
26
34
22
23
27
27
21
25
22
21
23
26
27
81
20
23
22
22
21
21
47
34
822
1099
1046
1720
24
29
26
25
22
24
30
22
19
53
21
24
23
22
21
22
25
24
23
22
99
22
215
127
24
24
23
25
22
21
24
25
28
22
19
32
23
18
21
32
21
22
25
23
26
27
38
24
38
28
24
38
22
30
24
27
23
21
26
27
32
63
24
22
1146
1217
1960
1867
1460
22
20
29
23
20
29
1976
1544
1846
1902
23
31
34
28
25
25
20
22
20
21
20
20
23
24
21
28
24
24
22
21
25
24
23
36
27
21
23
22
46
441
24
23
21
23
30
24
23
26
26
25
21
23
21
20
23
23
22
22
29
24
26
30
25
24
23
30
23
49
28
32
24
20
24
21
24
32
24
23
27
29
20
35
22
19
22
21
23
21
23
21
22
23
111
36
1245
1363
1556
1516
1723
2064
25
32
27
26
25
34
21
41
24
22
22
21
33
29
32
21
25
24
35
21
75
24
22
21
44
30
32
46
44
25
1738
1823
606
1099
21
21
25
24
24
43
24
24
2677
1311
1623
1342
20
21
24
25
217
58
22
726
245
600
465
1100
1206
32
21
38
28
23
25
23
22
22
23
20
25
32
22
25
23
21
28
24
23
21
28
28
31
25
24
25
25
23
23
29
27
27
25
24
22
24
35
30
33
26
28
28
26
34
34
27
50
24
30
27
21
22
22
19
26
23
24
28
26
36
25
22
25
29
30
24
23
23
23
22
25
23
23
21
