22
28
22
24
22
23
22
25
24
25
21
23
20
25
29
24
25
27
22
24
25
24
23
22
23
22
30
22
22
21
27
21
21
23
23
22
22
20
19
21
21
30
21
24
22
23
26
22
22
26
27
25
25
24
23
22
24
43
21
22
23
22
24
21
24
22
19
23
22
23
22
22
21
22
23
24
29
22
31
24
25
21
25
26
24
28
23
22
21
22
23
22
22
32
38
21
20
29
23
22
25
24
20
25
23
23
22
24
23
24
24
25
20
27
26
23
19
22
29
22
21
22
22
21
22
21
25
23
22
21
23
21
25
34
36
39
30
28
25
22
31
25
29
1181
23
37
20
36
23
23
23
22
26
24
26
21
22
25
24
24
26
21
20
23
21
26
23
25
22
21
23
22
22
23
27
23
22
24
23
22
24
22
22
22
24
23
22
29
23
22
19
28
21
22
21
24
23
22
23
22
24
23
23
22
29
25
25
24
23
22
25
24
23
22
22
21
23
22
22
21
20
30
22
21
21
19
23
22
21
22
23
22
21
25
24
22
26
26
32
31
21
29
32
31
20
26
23
22
58
27
24
23
20
21
18
42
18
20
20
21
28
24
24
22
21
26
26
24
23
22
21
31
27
24
22
24
25
21
23
24
26
21
23
22
21
23
21
20
22
23
22
25
21
27
23
22
21
20
27
27
26
23
25
20
23
22
24
23
22
21
24
23
22
24
27
61
56
33
27
24
25
27
27
31
22
23
24
21
23
22
39
32
21
20
22
95
22
28
25
24
23
22
22
25
23
22
19
23
22
22
24
23
22
21
27
20
25
24
28
24
26
25
21
20
19
25
23
22
29
29
25
22
27
27
21
26
29
26
23
22
21
22
22
21
23
22
23
22
21
25
20
21
23
22
25
24
26
22
21
28
24
23
21
22
21
24
23
22
21
22
23
22
21
22
24
26
20
21
22
21
25
25
36
22
24
23
25
23
25
20
31
32
30
28
21
25
25
34
23
24
31
22
21
25
24
22
19
25
22
23
22
23
22
22
25
29
21
24
29
32
56
23
27
25
25
27
26
24
23
19
25
26
21
25
21
27
20
24
23
22
26
21
25
23
19
21
31
31
23
29
26
25
23
21
29
29
58
25
24
46
22
23
22
20
21
23
22
21
22
21
25
24
23
22
25
24
22
22
26
25
24
21
21
26
25
28
22
23
37
26
21
23
22
24
23
38
28
23
23
24
24
27
41
22
43
23
46
48
26
29
24
30
20
22
24
22
21
21
25
23
22
19
18
19
25
21
25
24
26
24
24
23
22
19
28
27
45
23
24
23
21
47
32
30
23
26
28
20
21
20
23
23
27
21
35
23
25
22
22
25
24
23
22
21
22
22
25
24
21
21
21
24
20
24
21
24
22
21
22
21
22
23
22
23
22
23
27
19
22
25
24
33
28
22
25
24
19
20
19
25
20
21
25
24
22
21
25
24
23
22
23
22
22
22
21
25
28
24
21
25
23
37
20
29
23
22
21
23
25
24
23
22
22
20
28
27
24
23
22
24
23
22
20
29
33
26
25
23
22
22
21
20
27
33
22
21
21
22
21
25
20
21
23
19
22
26
40
30
29
28
25
22
28
24
43
35
21
24
22
24
31
47
26
23
21
25
28
31
24
23
22
23
22
26
25
22
28
22
22
23
27
23
28
33
27
25
24
30
23
28
29
20
36
33
34
46
22
21
23
25
22
22
21
24
23
23
22
24
33
24
23
34
23
31
24
21
27
23
21
23
21
25
24
21
35
21
42
35
23
22
28
21
20
21
20
21
22
21
26
23
22
21
27
21
20
26
28
22
21
30
22
23
22
23
25
22
21
22
23
23
21
23
19
25
24
21
24
21
25
23
24
22
25
24
26
19
25
27
23
28
21
28
24
27
24
21
408
26
31
23
24
27
23
30
23
25
25
28
21
34
26
24
35
21
22
23
19
22
21
26
24
22
25
23
23
26
22
23
24
29
27
25
21
29
42
28
27
30
34
26
20
24
25
25
22
32
29
19
23
19
25
26
25
26
22
21
25
27
23
22
23
19
27
23
22
22
21
25
24
26
27
20
23
21
21
22
21
22
24
25
23
32
31
23
22
24
43
24
22
27
25
52
59
22
38
44
33
25
22
23
22
24
23
22
21
22
25
24
23
23
22
21
23
25
24
23
21
21
23
22
21
23
22
31
23
19
21
30
21
21
23
24
25
22
21
25
24
22
26
24
23
30
22
21
20
22
21
20
21
27
26
28
24
22
21
20
26
24
23
23
21
57
21
23
22
22
27
27
30
22
25
27
23
33
22
22
30
26
33
21
23
22
29
33
26
25
22
21
22
28
24
23
25
29
23
22
26
22
21
23
19
25
28
21
23
25
36
24
23
22
24
23
24
23
23
25
23
25
39
31
21
28
37
25
22
25
24
23
22
23
20
19
18
21
22
21
25
21
27
26
25
22
21
24
21
22
21
23
22
21
20
26
25
24
23
22
21
22
21
25
24
21
22
21
25
20
23
24
21
26
26
25
24
22
22
21
23
22
21
22
21
23
27
21
25
22
24
23
24
21
25
24
23
23
22
21
23
23
22
26
23
25
24
23
33
24
22
21
22
21
25
24
23
21
22
21
21
21
30
21
24
23
22
21
29
24
25
22
28
23
22
23
23
23
28
30
25
26
24
23
35
21
32
24
22
43
27
26
23
23
22
21
28
22
31
25
24
24
23
25
22
21
25
24
22
20
21
28
32
23
27
33
25
27
25
24
21
22
48
21
53
41
33
24
20
27
29
35
24
25
27
27
25
29
38
25
38
32
29
23
23
32
20
31
22
19
25
22
21
20
22
21
22
30
25
25
24
23
22
25
21
22
26
24
23
22
23
22
21
25
24
24
31
27
19
23
39
24
26
24
30
26
63
30
26
25
38
30
22
29
34
26
27
27
25
23
22
24
21
24
25
23
22
22
23
22
22
19
24
23
22
23
37
18
22
27
26
34
30
35
22
22
23
21
23
24
20
22
21
30
26
25
24
22
21
25
27
24
23
21
25
38
24
23
22
21
22
39
24
21
21
25
22
20
25
24
23
21
23
22
21
23
19
25
24
21
22
21
22
21
26
23
22
20
21
22
19
21
25
24
23
22
28
27
21
26
25
24
23
28
22
21
22
18
22
21
35
33
24
22
29
21
26
22
25
26
29
27
70
21
23
19
33
22
21
24
23
22
24
23
29
28
20
21
25
24
23
22
21
22
21
21
26
22
23
25
21
25
24
25
21
21
23
22
21
22
21
25
28
30
43
95
28
22
31
26
24
25
22
43
21
22
20
20
22
21
25
24
21
23
22
21
19
23
27
21
24
23
24
21
22
24
25
31
22
21
25
24
25
22
21
22
23
22
21
27
21
38
26
24
23
27
23
23
34
23
20
26
42
22
26
28
24
28
26
26
38
24
23
24
23
22
21
24
23
22
26
28
34
25
23
28
29
25
24
22
23
35
22
22
28
24
21
22
21
23
24
21
30
24
23
23
22
21
23
25
25
22
25
28
27
43
26
22
24
22
25
34
20
31
24
23
23
25
30
23
27
21
25
21
23
22
23
18
24
26
20
23
23
22
21
22
21
25
24
21
21
24
23
25
24
23
25
53
32
26
36
23
43
24
28
60
24
26
22
24
32
32
25
22
22
20
23
22
22
21
21
23
22
23
25
24
23
25
34
35
26
24
23
27
24
23
20
21
25
25
25
29
23
23
23
29
20
24
24
26
24
22
24
24
21
22
23
28
28
22
24
28
49
33
23
24
25
29
24
23
21
35
59
22
26
22
22
20
33
25
22
40
27
26
22
42
24
25
22
26
31
35
24
23
20
54
32
25
25
22
23
22
22
21
25
24
31
26
66
27
58
25
24
23
26
26
29
24
23
38
23
25
30
26
27
22
24
27
24
24
33
31
25
27
25
21
22
21
20
23
34
23
23
24
24
28
22
25
34
82
30
20
24
30
33
30
22
26
27
103
25
34
73
23
25
24
23
23
23
24
29
51
25
24
25
22
21
31
22
24
23
21
29
24
49
25
21
23
111
24
22
26
31
20
23
24
25
23
35
24
25
23
23
22
25
21
21
23
25
21
20
19
24
21
23
22
21
23
28
32
30
31
23
26
27
25
28
25
24
21
25
34
41
29
33
32
20
24
23
22
21
22
22
21
22
21
25
24
23
23
22
21
28
35
26
37
24
23
27
26
21
21
31
23
25
26
23
21
22
21
22
19
27
23
27
27
25
23
22
25
23
25
28
34
28
42
29
21
19
26
30
23
24
22
22
22
28
24
23
25
28
29
25
23
26
30
25
32
30
24
22
26
27
25
21
24
21
25
24
31
43
44
24
28
20
25
24
48
24
24
25
24
22
21
25
32
23
20
28
22
30
26
25
25
27
33
40
29
23
25
24
27
19
25
21
25
22
38
22
22
21
23
22
25
24
25
32
25
26
21
26
28
23
42
21
21
23
22
34
44
30
26
24
36
26
23
23
27
42
25
22
29
27
36
28
27
50
24
25
24
25
22
27
58
27
34
27
21
43
25
33
20
21
25
20
27
25
27
21
29
42
22
45
26
24
22
39
23
24
22
21
23
22
21
22
21
25
21
30
21
27
24
22
21
23
26
22
23
21
26
21
24
22
27
23
22
26
65
31
27
23
21
55
45
29
24
27
26
24
123
25
29
29
23
22
20
25
27
26
22
25
24
34
23
22
24
22
34
27
23
22
22
21
29
27
23
26
24
24
26
32
26
27
30
23
30
24
27
27
33
61
28
21
29
28
26
25
23
24
24
23
20
21
25
23
22
23
23
22
28
27
27
21
23
22
21
25
25
64
23
67
24
23
22
22
29
29
28
39
21
25
22
21
38
26
24
27
27
26
26
23
22
24
28
26
26
23
22
23
25
19
20
25
21
22
39
45
27
26
29
20
29
22
23
23
24
28
26
22
22
19
21
25
24
22
22
31
23
23
24
26
22
22
25
25
31
26
25
22
21
28
28
28
25
28
22
26
25
24
24
23
23
31
23
28
32
83
23
22
37
25
21
23
21
32
22
21
22
20
22
25
23
23
26
25
23
56
24
24
23
21
27
25
22
21
26
27
35
26
24
25
27
31
22
21
24
21
22
21
25
21
21
23
25
25
23
25
42
22
26
24
24
93
24
25
22
24
22
32
26
27
22
23
25
22
21
33
27
38
22
21
24
22
26
25
24
33
22
24
26
23
22
22
26
26
23
49
22
24
24
26
27
24
24
52
30
31
19
24
22
21
21
26
26
27
25
24
24
22
21
23
42
29
40
25
21
29
40
41
21
23
24
21
25
34
24
22
27
26
26
23
26
27
27
22
22
22
20
20
21
26
22
23
20
28
25
24
21
26
27
22
36
27
26
29
24
29
22
24
23
20
32
21
24
19
23
27
27
25
22
24
25
26
30
25
23
22
21
32
32
28
27
22
20
22
23
21
22
26
24
22
20
25
22
21
28
24
24
22
23
94
22
21
27
21
22
20
24
25
21
22
26
28
31
27
25
32
22
23
23
38
19
25
25
24
22
44
22
26
21
24
24
22
29
28
45
29
62
25
58
28
24
22
22
22
32
20
23
21
27
21
25
27
28
22
25
23
23
22
25
24
28
24
26
33
42
24
22
27
66
23
24
25
29
25
23
32
24
40
21
28
25
107
23
23
24
23
22
21
22
21
22
23
42
24
24
25
26
30
23
26
46
25
24
20
23
25
21
28
20
24
27
28
21
21
25
21
24
23
1006
622
561
25
23
21
26
36
21
25
29
97
25
24
23
20
24
23
25
21
22
27
37
28
23
23
28
26
24
30
1345
1240
27
36
23
25
22
21
23
22
28
24
26
24
26
25
22
26
22
21
25
29
23
22
21
25
26
24
25
23
23
22
1588
1849
30
22
25
23
31
110
28
25
24
22
22
25
24
22
24
27
23
26
22
33
21
21
28
23
24
43
23
26
28
28
25
22
21
21
20
22
22
31
23
25
27
23
22
25
27
23
25
28
24
22
21
22
21
27
1127
32
30
34
28
30
26
32
20
21
38
21
21
23
20
23
28
36
24
24
23
53
28
27
36
26
25
25
23
26
29
24
23
21
30
25
55
21
20
23
24
22
23
47
33
802
1081
1045
1717
29
23
26
52
23
22
19
38
33
25
21
24
21
22
26
25
23
22
21
23
51
21
270
146
23
23
22
25
22
28
24
25
21
25
24
27
27
23
25
24
23
22
28
22
30
34
44
21
44
28
24
48
25
35
24
23
21
21
25
23
25
35
26
25
1067
1207
1963
1860
1463
24
22
22
21
23
31
1979
1544
1846
1898
24
33
33
31
26
27
21
24
19
23
27
28
22
24
25
24
21
22
26
26
21
22
19
30
22
26
23
18
59
386
24
25
26
25
24
26
26
24
23
38
21
23
31
22
25
24
26
21
22
26
25
25
24
32
27
26
30
39
33
25
23
22
32
26
27
30
28
25
26
25
21
30
24
26
22
27
21
25
21
25
20
24
116
29
1238
1354
1561
1511
1739
2069
28
28
25
24
22
21
22
23
26
24
19
24
23
20
25
27
23
32
28
22
71
25
22
21
303
36
24
24
26
26
1767
1841
604
1103
22
23
23
25
23
44
26
22
2673
1306
1529
110
847
24
20
28
33
55
262
62
749
36
36
606
1149
1203
1458
1394
26
21
23
22
25
24
30
22
22
20
21
19
22
48
21
25
25
24
23
31
25
23
23
31
22
34
24
26
26
28
20
21
26
25
23
28
25
34
23
22
61
19
26
46
26
29
25
25
21
20
21
21
22
22
21
20
21
23
49
27
27
26
25
25
22
23
22
27
23
22
22
23
18
20
23
29
20
27
22
21
21
23
22
28
29
31
49
24
27
26
24
28
26
20
33
29
23
22
27
28
23
23
22
22
22
34
23
50
22
58
33
23
26
24
24
27
24
19
25
24
24
23
21
21
23
22
21
22
25
25
26
28
27
27
26
24
28
35
25
24
48
68
22
37
20
25
24
23
32
25
36
27
29
31
28
28
24
22
24
35
22
26
25
27
20
27
23
22
24
22
22
21
23
29
29
27
27
23
44
26
22
23
30
25
23
29
21
26
24
21
31
21
25
30
27
25
24
29
27
27
23
24
24
22
22
71
25
34
21
26
23
23
23
31
26
24
22
21
26
29
22
25
23
24
28
22
21
26
25
25
45
23
23
37
25
27
28
29
26
20
19
24
20
24
23
21
24
24
23
22
21
32
24
30
28
24
31
29
32
29
24
22
23
69
37
27
26
22
23
22
31
21
23
42
24
23
23
26
26
24
25
53
21
27
44
24
23
20
21
24
23
23
24
21
27
68
41
33
26
22
30
28
59
23
39
21
21
38
21
22
29
37
29
23
22
21
22
24
22
21
25
24
25
24
22
25
23
24
22
21
21
19
25
23
23
29
23
22
25
24
27
28
25
30
24
28
24
23
45
24
21
30
25
24
33
28
40
23
27
25
22
30
29
23
25
34
22
20
26
24
28
24
23
20
22
23
25
31
25
29
28
22
18
22
21
25
21
25
27
26
21
23
30
28
25
24
31
28
22
23
34
23
26
24
23
22
23
21
25
21
22
22
24
25
25
23
25
34
26
24
29
26
22
21
24
28
23
28
25
30
23
26
27
28
22
26
26
50
26
22
21
26
21
22
25
24
49
32
51
34
24
23
26
24
23
31
22
21
24
22
22
21
28
19
25
21
22
21
25
23
23
25
24
22
29
65
25
31
30
24
36
22
25
22
24
23
21
26
27
25
24
24
27
25
25
44
24
31
23
22
22
20
29
34
28
20
21
32
23
25
25
26
24
38
26
23
23
35
30
22
21
28
26
1240
2352
837
159
498
1631
33
41
21
22
21
20
32
21
28
23
22
23
21
24
24
23
22
21
31
41
24
23
25
24
24
26
23
22
23
23
21
24
24
21
18
21
31
22
30
35
31
29
29
33
24
26
20
31
64
29
22
25
23
22
18
26
24
459
230
36
47
29
60
64
31
21
24
22
24
22
26
23
20
20
21
25
24
51
28
25
1716
26
23
23
30
27
38
24
20
29
25
26
25
24
23
63
1083
719
932
22
24
21
24
24
22
23
29
27
21
22
22
18
24
23
22
21
23
22
23
34
23
21
25
23
22
33
1632
22
22
23
34
21
20
25
25
23
22
29
25
24
27
25
24
22
22
23
22
28
29
24
23
22
19
25
23
22
24
23
27
21
22
21
19
28
24
22
23
21
23
21
26
30
24
22
23
22
21
30
23
22
29
22
22
24
25
22
23
22
21
22
25
24
23
22
21
24
20
31
27
23
22
25
24
32
24
28
29
22
23
22
33
22
25
19
25
24
28
27
27
32
23
21
22
23
22
23
22
22
32
20
21
23
22
23
22
21
25
24
23
24
23
22
21
24
23
35
914
1676
2362
3049
21
33
19
25
29
25
25
26
33
22
23
22
24
22
24
3535
19
28
27
30
30
32
31
28
24
30
33
22
23
29
30
29
27
21
27
24
23
24
33
36
30
25
24
25
31
63
26
36
30
23
23
27
23
22
22
24
24
31
24
26
43
21
25
23
23
21
25
24
20
22
21
22
21
20
36
24
23
21
23
29
23
22
25
27
22
30
24
22
33
31
27
26
27
25
24
44
27
24
22
24
30
24
28
30
85
27
24
35
30
36
26
21
30
28
22
25
21
23
22
26
22
26
26
32
22
25
26
22
24
26
23
20
30
31
22
24
24
25
46
24
33
22
25
23
27
25
23
26
28
25
23
35
1287
26
28
21
25
24
28
26
30
23
22
23
23
19
24
23
21
22
29
26
25
26
26
25
28
27
28
21
20
21
19
28
22
26
25
22
29
30
29
34
29
41
34
27
50
38
23
23
24
22
34
39
23
21
23
21
21
25
24
26
22
23
22
24
25
24
24
23
23
22
28
25
22
22
22
23
21
22
23
21
22
20
21
24
22
21
22
25
22
22
26
25
22
33
21
25
23
22
23
22
23
21
25
25
23
21
25
22
26
25
26
2146
2536
1608
1292
2087
23
21
22
25
29
21
20
25
24
32
23
27
23
22
23
22
25
24
23
21
23
22
21
22
21
23
21
22
21
23
19
22
19
24
23
22
21
23
20
22
21
22
23
44
350
358
274
27
27
26
1806
1206
1631
21
25
22
21
29
24
24
22
23
23
21
28
22
21
33
22
21
25
23
22
21
23
23
22
21
23
22
21
25
21
23
22
21
25
24
23
22
21
24
23
22
26
20
27
23
2336
1947
3303
3134
20
24
23
27
22
21
27
21
25
24
23
22
22
21
20
21
27
21
27
23
23
22
21
23
22
28
25
24
26
23
22
21
19
25
29
23
33
22
21
2902
974
236
31
1534
31
25
26
1954
1045
2882
37
28
22
22
23
22
22
27
25
27
19
28
25
40
21
22
22
32
37
27
27
21
24
28
22
23
20
22
24
23
25
28
23
25
26
24
25
23
25
26
23
22
30
23
22
21
21
23
36
29
1927
46
36
479
21
27
23
23
28
33
25
41
25
24
23
26
24
28
22
24
25
24
22
23
85
21
27
21
23
27
21
22
22
28
26
24
385
30
155
39
25
29
22
21
22
30
23
22
23
20
25
29
27
26
39
52
64
829
1267
40
25
22
25
23
26
21
37
25
26
27
27
22
21
29
27
29
26
25
28
27
24
23
22
22
23
22
21
20
22
22
19
21
23
34
22
21
27
21
25
27
23
23
36
24
23
21
21
24
22
27
23
22
23
22
22
20
22
25
22
23
21
20
20
34
23
26
25
22
23
27
27
21
22
20
26
25
28
24
29
23
24
25
23
24
23
24
21
20
27
23
21
22
28
20
26
21
23
59
25
32
25
33
28
27
28
30
24
24
29
26
25
53
23
27
20
23
21
20
25
21
25
24
22
25
21
20
19
28
21
29
22
21
20
24
23
33
21
23
22
28
24
23
22
23
21
22
25
24
23
35
41
23
24
25
23
24
26
42
23
24
66
25
23
23
25
20
23
41
25
24
26
22
23
21
27
27
22
42
22
27
31
32
20
29
33
27
23
24
22
23
26
26
57
21
22
20
22
25
25
24
25
24
22
19
21
21
23
26
23
24
23
24
22
27
54
20
25
20
26
22
34
29
23
21
35
23
21
23
21
22
21
22
23
22
24
24
34
23
25
25
25
23
23
20
30
23
22
21
22
20
23
22
23
23
26
23
24
23
22
35
27
25
25
23
24
21
24
26
23
22
23
22
22
22
25
24
23
22
37
22
21
24
21
28
33
28
27
24
57
27
22
49
25
24
26
22
23
23
28
60
23
24
23
31
24
26
30
26
25
22
22
24
24
23
27
18
27
23
21
27
36
25
23
24
23
21
23
23
22
21
22
21
23
28
20
27
21
25
21
22
21
24
22
26
24
23
23
30
21
23
23
23
255
30
27
27
33
22
24
29
22
30
49
25
40
25
35
20
19
22
25
24
23
21
21
28
25
30
22
26
50
26
25
27
25
21
31
27
22
29
24
21
22
27
32
28
23
26
30
23
21
22
21
22
28
23
22
25
21
32
21
29
28
25
32
33
36
26
26
25
24
23
25
23
24
1426
40
23
24
24
24
28
20
27
26
23
22
23
37
21
24
32
26
23
35
23
36
2160
24
59
24
24
25
21
24
21
22
2422
35
23
25
26
22
28
22
22
23
21
28
1694
28
25
46
22
26
27
20
27
23
21
22
29
22
22
36
25
1643
31
27
25
28
31
24
21
25
21
23
20
20
24
23
28
21
887
930
952
54
23
20
22
35
50
25
27
20
21
24
23
25
21
21
25
23
21
25
1391
277
1587
140
339
428
28
33
35
21
26
25
27
23
26
22
37
23
24
24
29
27
26
23
22
23
21
27
21
25
19
24
26
22
23
22
23
23
24
20
24
34
27
27
65
23
37
24
28
26
31
22
20
28
19
23
21
22
25
24
22
22
28
32
25
20
46
26
34
30
26
25
27
33
30
20
25
38
21
22
20
22
25
23
21
23
30
51
22
23
30
32
30
29
27
23
23
62
25
23
21
21
29
23
21
23
23
25
21
23
22
28
27
21
24
24
32
23
26
23
27
26
23
34
20
21
26
54
25
26
23
22
22
21
23
21
25
23
23
22
21
22
23
22
21
25
22
20
21
25
21
24
27
27
44
30
28
23
31
24
29
20
32
27
27
25
24
22
21
23
22
20
23
26
25
44
25
48
24
25
44
1472
586
22
41
42
22
31
27
22
21
20
25
28
27
21
25
22
28
19
20
24
26
49
33
25
23
39
35
34
33
26
27
33
22
23
27
25
24
22
34
25
24
22
35
32
24
26
22
25
26
23
30
22
29
21
24
21
37
21
20
22
22
22
23
21
28
30
23
22
18
22
25
21
22
21
22
28
23
26
24
25
29
24
39
25
24
25
23
23
32
21
23
29
21
21
22
23
22
23
22
31
26
22
28
20
25
28
39
46
26
35
28
24
23
25
34
21
22
25
25
21
22
23
22
24
31
23
71
32
28
48
21
22
23
20
23
26
22
28
23
21
21
22
24
23
591
26
24
20
26
25
31
26
22
30
27
22
23
26
22
22
22
22
473
1667
34
23
22
24
24
22
21
20
25
24
21
25
23
22
30
21
22
21
30
27
21
28
25
23
31
69
32
27
42
29
24
29
28
26
24
21
22
33
26
24
22
22
63
22
25
24
23
26
24
28
36
35
28
26
20
30
48
32
19
25
19
23
26
23
24
21
27
21
22
23
21
22
21
31
25
35
27
22
25
30
24
23
26
29
23
31
26
30
22
26
28
23
23
21
23
24
26
27
23
24
23
22
26
21
22
22
23
23
27
29
45
25
60
31
25
23
28
28
32
22
22
26
24
23
24
21
25
60
23
23
27
29
29
24
24
25
26
22
96
19
22
23
22
25
29
23
22
21
24
26
900
24
24
22
27
28
29
36
26
29
24
23
22
22
21
23
21
21
24
24
20
21
24
25
24
22
23
23
30
26
42
25
24
23
24
26
26
23
27
21
25
20
22
24
28
25
26
25
24
59
25
22
28
22
23
22
25
24
23
21
24
22
21
22
21
23
22
23
25
28
22
21
25
21
22
26
22
25
23
24
24
23
27
23
21
25
27
20
25
26
22
23
28
29
24
23
24
28
27
21
28
21
21
23
25
24
23
22
23
21
25
22
21
24
23
22
27
25
24
28
24
28
40
49
23
20
24
26
21
27
23
23
20
23
19
21
22
21
25
21
25
24
22
32
26
26
24
27
27
33
24
23
34
67
27
49
23
30
30
22
24
77
52
24
24
28
30
28
24
22
22
21
25
23
25
21
21
23
24
567
26
28
30
20
27
30
23
25
27
23
23
25
21
23
21
24
28
32
29
22
21
25
21
22
21
28
26
31
35
23
29
28
32
28
24
46
33
21
44
24
27
25
24
30
26
25
24
31
19
23
25
22
28
22
21
30
27
25
24
23
31
26
25
23
28
23
25
23
23
24
32
31
26
33
22
21
25
372
32
50
27
28
27
26
24
24
26
23
21
25
26
25
21
22
29
21
22
25
22
21
22
35
29
27
25
25
24
26
19
28
23
21
22
23
24
33
22
21
21
20
26
25
24
22
24
28
24
23
26
22
22
38
24
37
20
24
21
21
28
22
22
21
21
25
24
23
23
22
21
22
24
23
22
21
22
22
29
62
39
23
28
27
26
22
24
21
27
29
22
29
32
24
22
45
23
23
27
33
27
25
23
22
23
26
22
23
25
24
23
22
23
25
21
22
25
24
23
25
25
99
23
40
25
22
22
23
22
32
20
22
23
31
35
26
1578
42
26
26
1289
26
21
22
21
26
61
21
26
22
24
22
20
28
23
27
23
27
24
26
22
23
29
24
21
21
25
25
23
24
23
22
25
22
23
20
85
23
21
20
26
37
28
27
24
31
23
23
34
25
23
29
22
24
24
21
31
26
33
24
31
30
29
23
31
23
23
28
68
30
21
59
23
25
26
25
21
29
22
25
20
27
34
22
29
339
24
32
25
26
21
23
22
21
50
24
28
28
22
20
28
24
22
24
26
26
27
30
29
24
24
26
28
29
23
57
40
27
23
24
24
28
23
23
22
23
35
25
26
30
56
28
24
26
25
33
20
29
23
23
25
33
21
22
23
64
21
31
28
24
38
28
24
26
32
23
24
20
29
28
27
23
27
23
21
27
21
26
24
24
22
21
24
23
27
26
23
23
25
21
24
22
30
33
29
29
25
25
25
23
27
22
23
28
44
21
23
67
22
22
59
21
30
24
27
26
25
24
23
25
23
25
28
30
52
25
25
25
23
25
37
34
30
31
27
22
21
24
28
67
25
21
29
29
23
26
27
31
22
29
36
30
25
30
25
26
22
27
21
20
26
19
29
27
26
23
24
24
23
29
