737
1229
963
914
483
328
342
306
533
792
813
689
530
838
1062
947
715
546
646
692
689
773
632
762
1026
808
477
471
538
405
843
571
975
670
767
841
578
545
639
921
739
466
550
498
243
771
754
962
552
713
889
808
624
678
732
974
835
700
444
793
585
644
660
587
451
365
509
752
509
697
849
1129
925
773
858
789
482
246
455
464
428
414
618
289
727
491
724
170
453
668
197
88
258
415
664
668
762
914
403
589
488
532
538
810
646
727
391
369
358
386
306
871
685
890
734
543
623
496
634
306
427
543
137
705
762
464
529
422
638
543
357
465
317
321
435
306
475
124
300
204
229
32
141
129
234
114
40
66
148
29
39
139
194
39
37
41
109
144
38
24
40
178
57
31
45
33
32
447
35
35
63
62
472
476
99
86
41
32
48
37
150
121
56
97
218
97
70
39
38
72
36
82
132
54
28
41
213
83
104
50
148
47
76
45
119
443
117
41
84
42
107
110
40
80
39
41
36
35
39
141
42
29
112
78
34
37
38
40
79
28
26
31
30
64
33
26
38
29
33
33
253
286
39
25
29
34
37
30
35
27
34
30
74
28
37
38
29
35
37
26
38
32
68
106
34
103
959
1167
868
45
413
361
40
102
44
371
665
491
302
34
367
425
317
391
308
364
648
313
604
485
477
291
276
331
259
28
27
32
361
633
438
339
487
513
641
263
1298
2131
1940
1277
1833
39
336
192
41
28
87
34
32
40
31
44
69
29
59
210
540
464
578
642
41
39
123
34
29
40
241
36
33
31
34
49
29
39
37
45
39
36
27
28
26
240
244
261
310
345
29
25
350
384
418
452
360
339
300
252
377
63
105
31
26
30
36
32
39
33
50
40
40
35
329
41
36
33
29
36
32
30
354
283
26
36
28
51
30
588
928
540
605
707
820
851
872
591
815
638
614
583
469
494
613
832
851
472
517
323
402
463
660
883
833
552
548
741
620
864
349
572
575
592
544
530
275
353
438
506
563
107
616
656
407
175
602
670
636
666
461
699
598
605
630
1061
587
165
206
425
845
593
946
460
419
248
219
25
130
227
43
34
34
44
67
307
307
54
41
213
385
571
620
417
196
379
296
180
30
29
28
32
32
109
91
158
347
909
590
725
824
925
953
549
278
505
366
49
29
244
165
249
27
41
42
47
203
27
34
126
35
30
41
34
32
166
63
378
395
379
193
262
28
213
129
29
79
34
41
57
36
120
55
402
555
917
689
755
539
206
47
33
34
34
72
244
367
594
662
520
213
365
408
816
591
631
919
618
196
220
360
220
173
263
519
568
719
757
496
614
557
31
483
475
561
290
35
47
53
29
77
31
35
29
26
25
95
29
479
92
1208
713
47
131
155
65
34
35
53
47
29
23
27
30
30
36
33
26
34
25
28
103
267
30
29
28
31
30
29
27
30
29
97
26
32
33
31
29
110
202
141
31
51
31
27
30
24
35
134
38
68
28
62
28
33
249
321
257
35
27
27
29
32
148
230
331
25
32
101
73
31
205
30
28
103
35
35
35
59
28
26
31
47
27
207
216
36
30
39
93
30
29
150
231
33
27
113
140
28
34
25
31
120
225
62
234
240
276
127
30
34
32
334
419
278
602
884
939
706
655
486
26
122
29
36
35
29
35
32
30
53
34
36
33
31
159
28
33
35
27
35
31
27
113
94
105
51
361
733
250
562
191
165
252
115
680
673
491
890
633
757
453
416
416
767
664
470
368
668
534
570
575
268
587
542
427
435
633
275
708
654
689
577
635
533
401
536
643
775
1039
948
797
578
505
855
867
606
381
785
459
538
795
550
693
626
779
885
846
797
578
614
704
1009
764
722
483
550
554
909
687
805
796
743
830
679
649
627
510
943
751
550
975
881
807
926
1272
1099
835
786
740
799
721
878
576
356
231
29
24
27
32
27
27
57
31
32
39
34
35
34
30
41
30
26
30
24
98
26
29
25
26
27
30
29
30
29
29
27
35
200
36
34
29
39
54
30
36
36
55
37
37
45
33
30
34
81
32
38
35
38
43
30
36
30
34
64
34
28
296
34
31
27
41
558
427
466
63
247
32
27
41
34
34
40
41
36
60
31
34
24
33
30
33
37
76
28
96
120
32
31
35
33
34
30
32
30
33
29
23
40
38
34
32
31
34
33
42
30
31
29
27
25
25
34
27
24
23
31
36
31
33
182
31
551
29
29
28
30
29
33
27
134
29
30
27
37
31
30
36
38
27
29
29
37
44
31
32
30
29
36
34
28
28
27
26
36
42
26
47
80
33
29
28
30
89
29
31
71
33
42
46
34
28
36
30
35
54
38
97
43
47
32
31
53
35
32
38
47
31
185
41
46
39
38
32
39
37
33
151
35
29
121
43
367
30
26
31
32
34
158
42
44
30
64
28
28
37
33
80
31
34
31
28
31
28
44
35
26
24
30
29
42
26
27
39
925
522
59
40
1212
941
819
1120
435
174
328
426
781
526
437
741
795
1484
1579
1299
488
917
948
934
480
1001
1007
918
1084
566
585
420
864
373
307
302
831
374
238
622
571
390
573
408
40
35
105
44
59
36
35
24
60
82
41
52
732
458
522
450
825
353
878
1088
710
872
1138
547
608
777
911
848
564
787
1206
856
565
788
677
438
505
535
563
581
649
413
238
48
35
31
32
48
31
1318
124
57
63
32
200
236
710
30
307
39
32
28
26
31
251
1254
262
947
1006
184
55
41
98
2747
48
48
82
41
347
35
36
47
26
55
37
29
32
34
43
37
31
1048
242
37
33
608
185
324
118
969
1236
556
251
223
400
1664
616
537
347
381
452
303
383
908
545
83
137
598
521
514
143
146
620
356
29
34
35
35
312
476
633
227
358
87
1010
26
30
28
31
33
176
32
49
31
179
127
31
29
28
27
34
40
31
30
200
27
179
35
55
326
385
205
176
275
229
256
242
34
23
612
198
31
36
34
28
31
41
31
33
32
49
62
63
31
30
32
91
34
39
37
38
40
36
39
34
467
315
34
40
59
184
32
245
426
265
26
31
60
30
29
28
26
44
659
1143
608
464
1163
1012
492
724
641
620
612
425
686
715
494
243
25
28
44
29
28
64
31
36
33
31
47
35
33
34
250
542
58
30
694
635
95
31
28
1399
3200
2676
849
231
820
666
632
769
31
23
37
40
27
33
32
28
31
144
32
173
211
171
35
42
27
25
37
32
564
552
934
660
554
776
655
969
673
524
603
814
63
31
34
28
26
37
36
28
44
25
30
33
30
30
30
27
31
34
34
32
29
30
36
38
35
28
36
27
30
50
27
26
47
35
40
27
57
33
464
97
30
37
40
34
31
35
25
24
34
40
34
32
35
32
31
61
31
28
49
406
733
457
1009
661
250
743
539
544
334
159
29
30
29
68
30
27
29
28
30
32
40
46
28
39
35
34
34
34
28
33
29
27
24
27
31
40
28
27
27
30
27
25
28
27
26
87
88
29
27
26
38
25
34
32
39
28
62
38
35
33
32
36
28
26
26
29
25
27
31
27
33
42
34
29
32
40
46
47
28
38
36
31
36
32
28
28
230
35
32
38
30
377
409
599
53
31
39
645
786
656
295
37
37
39
25
78
27
277
53
35
24
28
320
424
35
29
46
222
30
310
260
52
30
26
340
28
29
29
39
77
31
30
41
31
345
28
54
1011
293
30
28
51
27
121
29
31
42
25
27
37
31
29
30
26
31
29
26
31
29
28
27
26
35
27
29
27
29
28
34
38
32
24
33
30
32
30
39
35
31
29
30
41
274
30
30
29
26
26
25
363
362
30
35
34
46
35
33
54
31
121
23
25
28
32
28
27
27
36
29
40
572
344
36
30
89
27
33
35
29
28
24
29
27
26
33
109
25
37
33
27
27
31
29
25
31
27
29
36
49
35
29
27
30
30
29
32
33
33
30
29
28
49
29
33
94
37
36
27
30
26
28
30
34
240
29
28
403
37
37
26
30
63
30
32
25
27
33
33
37
29
30
29
28
38
58
32
31
34
106
32
30
29
28
27
26
27
26
30
31
30
61
30
34
28
30
34
41
384
31
79
553
210
31
24
409
368
287
779
626
498
352
437
388
316
493
193
499
636
657
402
486
340
51
98
334
415
354
264
446
64
145
35
45
34
39
70
47
142
30
79
26
24
307
35
24
48
31
28
29
35
29
28
64
636
170
31
118
37
42
294
31
36
27
35
301
33
79
38
149
34
27
32
31
78
33
35
46
35
35
30
48
263
137
186
719
233
525
663
367
313
200
107
28
636
38
29
26
26
228
33
24
38
30
39
30
26
40
34
26
111
25
30
29
25
67
46
52
41
287
48
112
811
1086
238
37
37
34
32
34
32
28
29
40
36
40
35
39
35
29
30
35
31
46
35
32
28
46
24
271
327
263
27
31
290
319
41
350
952
1033
764
647
662
862
590
692
626
470
383
709
187
255
164
278
27
29
30
36
30
35
27
29
28
45
36
78
33
29
297
30
37
156
139
250
30
36
28
34
36
32
24
30
29
27
33
27
31
25
31
50
29
29
361
497
431
843
886
152
459
960
769
662
517
443
242
790
110
27
38
35
29
32
26
25
28
33
377
371
377
309
59
99
32
63
1056
949
576
715
638
910
831
971
987
776
438
322
416
59
168
593
576
571
550
722
536
642
787
440
306
36
36
28
27
40
32
29
33
30
27
289
300
362
394
312
236
35
29
29
29
25
28
27
26
32
26
32
29
34
32
138
177
179
358
333
333
262
245
334
343
324
248
487
549
425
417
356
322
401
109
28
27
26
25
30
38
40
30
30
29
129
55
859
537
922
616
551
883
499
411
39
36
150
35
33
36
30
36
32
28
132
873
542
158
396
610
559
348
1161
683
296
407
635
491
970
1012
400
384
665
745
374
500
589
326
662
1135
899
581
663
505
646
898
566
501
1059
1024
762
535
829
896
833
457
291
344
745
524
1336
516
324
303
489
434
117
346
325
544
573
467
536
554
447
589
1068
536
518
710
871
987
260
269
372
886
1192
1266
642
716
555
997
889
381
697
26
325
27
97
64
182
339
775
753
264
1083
47
28
31
27
28
38
138
57
273
363
100
36
38
127
41
78
69
153
120
109
87
45
57
54
150
55
103
115
78
195
66
142
172
209
331
130
167
91
117
126
96
35
104
123
148
67
116
105
52
141
42
89
148
23
124
186
28
27
34
30
29
28
29
33
29
31
30
26
238
30
29
28
30
67
28
32
83
83
47
201
34
33
37
27
46
39
27
47
27
28
31
25
29
30
28
30
33
27
34
42
36
34
98
37
92
382
38
31
30
53
30
25
29
26
33
31
32
43
32
32
29
35
43
33
31
62
36
276
806
388
370
358
340
366
354
365
103
32
30
45
31
28
28
30
30
26
44
30
36
46
55
35
30
32
23
30
31
34
30
27
31
30
29
29
38
32
96
33
55
34
61
35
29
643
514
27
29
31
36
31
35
79
33
28
24
25
29
27
31
30
29
35
29
57
29
26
214
32
299
36
34
66
36
30
39
32
26
730
335
435
113
370
34
99
28
37
30
44
405
500
98
197
104
24
31
95
24
111
32
33
33
27
33
33
26
1110
1090
740
716
721
550
31
31
28
27
28
23
27
26
32
32
29
44
33
35
30
27
28
25
33
28
51
84
238
165
161
172
186
174
245
283
298
310
281
215
246
185
144
277
124
351
206
138
153
251
165
40
28
27
31
31
42
31
30
31
30
34
75
31
29
27
1180
42
27
32
28
29
28
30
30
31
27
28
29
35
29
86
45
37
43
37
31
35
57
37
44
37
38
31
35
41
29
32
60
36
39
32
34
58
31
32
36
34
29
33
27
40
26
34
30
32
30
357
679
1057
847
447
436
385
303
1302
779
431
480
26
160
37
30
29
28
32
31
56
31
26
26
30
27
206
583
344
44
34
30
57
39
75
709
633
232
34
28
26
30
33
1461
296
32
26
815
1163
1079
629
646
727
645
483
939
1008
741
443
733
743
445
681
353
562
680
260
29
31
27
31
275
29
28
30
42
400
29
289
30
39
35
31
28
32
70
37
34
35
35
39
431
35
359
32
33
107
24
129
403
207
116
28
314
208
268
306
358
307
26
40
26
25
32
28
34
123
27
24
30
36
38
33
28
40
29
28
24
25
31
30
28
37
41
28
24
30
34
30
30
31
40
29
27
29
30
29
26
25
27
30
29
33
43
31
30
36
36
31
335
232
241
292
422
284
964
940
1002
1211
863
1098
780
543
905
1145
584
324
246
34
28
32
64
29
28
24
31
27
31
30
29
29
26
27
26
29
28
27
36
30
192
33
97
32
29
27
31
33
33
27
26
316
208
481
817
561
820
786
645
340
504
138
27
458
72
698
642
563
387
284
350
26
33
29
28
26
25
29
568
374
343
272
261
28
26
41
30
30
29
28
30
31
46
27
29
29
38
35
31
27
29
30
28
27
26
35
29
26
35
34
28
29
35
44
28
31
46
37
33
28
33
50
34
30
31
31
62
61
25
32
50
24
35
29
29
33
31
39
40
47
72
66
129
120
166
194
235
141
25
34
28
45
27
326
24
110
29
33
24
38
30
36
33
32
29
30
25
29
29
29
29
39
43
37
37
30
47
53
33
27
61
50
29
27
33
29
30
41
40
29
30
29
28
32
33
32
26
55
28
39
36
47
41
684
928
817
1003
821
536
740
302
351
360
420
438
360
549
545
722
970
1048
1051
739
715
734
997
392
388
362
447
446
437
408
487
448
434
336
432
616
682
362
446
578
735
834
403
692
916
940
890
850
766
695
679
84
498
562
709
731
768
662
709
765
730
214
318
244
736
487
661
649
293
88
467
513
469
248
61
40
27
27
25
40
288
46
65
31
40
28
34
36
45
30
29
47
40
72
40
37
303
32
29
24
28
27
32
31
31
99
30
78
36
34
54
30
31
30
80
24
38
47
25
27
31
35
34
48
34
25
52
30
32
26
171
26
30
39
52
276
56
70
32
45
48
244
232
133
32
29
29
33
27
39
34
49
33
29
117
33
65
232
29
32
33
28
28
36
267
365
387
357
24
38
30
30
24
28
40
36
24
33
32
26
28
30
46
30
32
24
33
45
37
28
32
38
29
36
31
25
30
33
29
35
38
29
24
32
35
39
28
32
26
25
24
224
42
26
31
31
99
31
31
45
28
28
65
39
31
30
224
30
31
28
28
29
30
28
25
31
29
31
127
29
36
25
31
33
64
34
68
51
31
34
29
29
27
38
27
43
28
30
26
40
27
26
24
29
228
322
296
260
32
24
29
28
25
26
32
38
30
29
36
645
442
508
612
505
324
357
383
319
379
363
27
32
31
31
29
36
39
47
31
28
32
31
30
34
30
71
38
26
35
29
39
623
493
300
211
494
158
61
240
186
254
68
228
211
264
143
160
120
131
115
103
138
225
126
130
145
97
188
235
214
208
127
137
173
87
131
32
142
78
84
117
266
118
150
256
218
273
234
270
249
255
164
323
294
293
289
231
192
334
289
278
71
210
136
218
385
284
196
121
74
116
132
363
67
124
143
132
164
208
172
210
141
77
27
26
25
24
33
31
26
28
34
33
30
32
28
27
30
31
41
50
32
39
46
257
62
72
93
41
30
29
72
27
29
28
32
164
33
229
25
70
34
28
23
30
32
31
38
67
37
36
32
33
33
42
29
31
29
28
28
37
108
35
32
550
355
399
49
127
118
154
1690
29
868
889
904
699
976
743
394
132
981
543
361
485
533
612
491
533
459
38
99
45
124
144
53
91
30
117
404
41
80
103
107
37
35
38
43
140
133
126
641
564
758
558
533
602
426
660
161
321
308
26
40
37
107
41
28
35
26
32
33
32
31
59
56
35
240
33
36
43
26
31
37
31
37
50
52
29
26
332
36
35
38
28
33
50
28
28
32
38
25
29
34
34
28
34
26
30
27
26
31
40
37
34
51
36
31
30
26
32
32
91
26
29
152
339
33
30
27
26
51
49
26
38
26
30
81
25
39
53
28
42
29
29
39
29
31
135
31
26
53
41
25
31
30
25
40
102
39
32
75
35
40
34
45
41
30
40
25
29
457
32
28
32
40
39
25
29
33
29
30
42
33
41
45
34
80
34
55
29
24
719
657
309
124
350
317
584
126
108
168
122
197
261
240
70
104
148
485
179
185
130
119
100
122
136
271
119
155
155
345
43
29
27
24
30
24
32
101
92
98
105
119
165
235
39
375
659
645
25
24
29
149
202
570
338
395
215
229
560
544
414
123
347
646
291
391
312
578
28
30
26
50
31
27
26
27
158
132
539
183
142
153
187
156
70
77
29
30
144
609
736
776
694
787
887
93
465
181
140
157
157
279
309
125
28
24
30
27
27
31
40
268
541
459
404
430
711
750
812
834
348
1237
980
684
803
362
1862
1967
1430
525
37
29
31
125
1130
525
611
459
339
840
722
513
27
26
145
28
33
146
107
31
29
27
26
39
312
35
28
32
26
30
29
148
123
124
33
30
281
245
420
33
29
28
30
36
28
27
44
34
31
35
34
38
37
28
32
26
36
91
82
501
364
406
412
31
160
190
269
163
127
136
128
144
545
524
93
117
105
276
87
117
137
81
171
531
1137
806
582
741
628
504
156
179
153
387
91
110
125
138
113
49
98
129
78
26
822
610
712
31
33
33
31
790
950
781
732
748
705
797
813
344
698
851
737
685
711
769
722
116
60
159
167
420
412
96
471
315
309
323
279
269
308
312
296
343
333
245
308
224
366
993
423
678
589
556
719
753
845
705
403
339
584
449
578
183
139
34
205
172
248
967
1080
946
890
892
872
910
799
345
231
331
987
1540
288
848
37
30
41
30
93
87
150
204
199
144
468
1044
122
26
260
28
108
333
200
31
27
124
245
918
1196
959
807
61
291
178
219
88
152
106
159
65
25
132
137
93
109
76
127
24
47
31
280
130
141
160
157
112
141
733
588
513
527
512
30
208
672
251
320
42
655
1208
512
566
989
822
560
635
1015
1065
790
1139
1175
500
392
644
810
908
699
893
771
1200
1020
924
943
838
1257
784
661
1018
894
1073
429
567
750
712
679
1290
1139
683
860
1145
833
619
1224
1019
1060
1097
851
840
1205
845
803
752
911
1042
1063
324
969
908
796
711
975
880
814
1013
979
946
1033
990
660
842
1197
1079
951
812
1244
1099
970
1092
996
882
861
1142
878
1088
1488
1265
731
955
1054
939
1093
1026
829
972
715
1108
825
956
1002
831
776
464
696
563
597
604
454
735
486
306
387
596
720
646
598
254
589
348
460
536
674
575
668
662
706
777
742
712
633
744
520
490
828
662
704
896
675
638
603
640
603
743
795
541
194
705
749
407
539
840
622
641
611
803
868
741
727
629
619
624
558
472
686
749
733
688
792
693
757
706
660
778
736
690
789
635
2423
1140
769
660
1016
892
732
772
732
636
700
894
754
826
580
809
765
586
799
807
767
759
810
970
675
935
805
656
978
755
722
872
752
648
881
759
589
612
619
755
939
720
765
729
856
629
691
655
849
865
867
1317
1158
1061
1235
1050
1300
1270
1104
1039
893
843
1162
902
828
1247
1180
1045
1149
1060
868
997
853
635
704
953
831
1118
859
859
685
590
623
1084
573
677
731
815
872
904
922
821
934
744
838
980
662
614
990
731
605
620
852
691
611
972
796
1045
879
832
846
575
659
756
818
924
717
787
639
689
1130
1161
1037
940
588
611
636
867
911
705
817
641
887
656
941
570
668
692
636
880
403
348
815
708
778
620
273
687
825
673
720
708
604
724
838
661
441
569
801
812
906
580
506
757
945
757
725
664
998
607
605
2267
548
999
855
830
694
1135
1019
631
746
1220
929
975
1135
877
911
1012
846
1089
584
1163
594
802
779
970
881
847
1153
933
641
828
1248
968
834
661
516
1033
777
806
591
418
746
857
868
1056
1500
708
1309
1585
1022
754
767
770
687
1171
1145
673
1439
719
711
476
666
487
833
550
690
685
268
355
428
297
714
510
234
795
805
719
787
681
632
478
717
796
680
499
776
544
780
828
492
655
467
489
472
379
454
644
765
676
606
692
651
669
724
638
853
1495
2071
696
802
998
832
651
846
685
509
492
1025
946
1085
1242
588
608
795
1260
1054
1474
553
894
806
792
595
1070
702
670
997
944
892
903
902
993
669
548
638
788
707
333
577
761
654
894
706
669
1461
615
1740
731
823
832
951
594
404
743
963
1123
685
696
1079
862
771
1582
1947
2292
1134
1178
347
1045
370
711
998
933
651
771
867
898
764
682
664
980
1002
1009
989
944
1123
914
828
844
1023
852
1116
604
684
1138
922
2702
1641
2257
2922
1051
1041
758
597
1018
944
857
1046
853
1057
780
910
1059
1044
1019
828
599
542
874
1118
1009
907
750
1261
1061
941
801
906
980
964
620
1392
1115
827
700
910
1047
1349
1141
923
886
1043
650
822
911
706
903
667
978
1045
1047
1109
686
1044
919
945
540
964
996
771
1069
417
948
1026
932
841
967
788
807
724
952
786
674
749
807
778
997
690
716
645
534
737
274
723
362
400
2843
523
536
791
695
492
751
750
800
1217
972
886
686
546
377
472
836
991
884
1006
726
974
929
901
588
1025
935
701
817
779
683
1012
741
847
279
790
848
789
573
657
806
940
604
878
986
1032
909
703
834
973
587
526
906
875
912
773
679
959
631
685
821
900
1009
870
806
858
988
660
657
627
829
941
798
832
924
645
737
795
935
839
871
692
669
968
626
749
905
719
752
985
1159
1471
1336
1276
974
1001
645
915
839
759
797
782
919
521
994
784
613
948
1067
1151
969
996
711
574
763
938
978
917
1394
913
1136
812
743
1078
1067
1119
1136
2375
1446
697
465
775
815
907
842
1109
850
2287
3242
936
654
602
512
926
1121
883
1029
1102
859
631
570
566
1059
1047
1087
1079
783
711
794
1084
781
1220
1095
826
1201
879
872
571
612
796
799
490
681
628
938
682
873
945
789
636
534
763
755
949
850
732
920
841
653
636
900
954
679
1088
787
668
853
762
946
811
1004
854
1919
1498
2269
1737
955
1040
971
963
955
769
590
484
674
646
602
708
527
698
712
312
401
245
296
321
80
299
278
33
114
148
166
152
61
124
133
148
147
176
620
53
331
325
105
136
252
407
55
170
176
522
756
1849
557
294
511
232
159
1470
32
41
32
32
367
599
362
460
464
375
381
623
440
671
592
318
257
242
49
304
630
683
1184
28
34
34
183
150
199
310
479
297
104
365
296
624
636
461
526
645
229
442
553
387
886
618
473
485
565
215
294
425
202
356
425
454
432
421
195
449
352
306
360
281
90
119
160
202
422
276
113
187
134
63
132
141
115
49
61
113
89
141
28
117
388
319
110
283
311
328
35
79
81
77
108
88
138
303
33
39
78
96
95
61
282
202
136
192
266
94
154
133
111
50
53
102
151
50
68
109
325
142
249
107
83
180
29
121
347
648
31
190
139
298
412
504
478
516
303
557
702
470
199
148
82
55
94
53
79
115
94
52
28
90
170
212
150
169
88
147
88
74
25
26
35
24
29
30
127
26
29
28
102
71
106
58
192
138
60
34
33
30
27
384
231
51
75
32
28
28
24
28
32
34
33
32
26
140
74
133
97
321
328
98
47
106
59
138
106
194
213
437
361
167
203
162
102
219
181
132
157
175
159
260
149
171
174
118
312
106
197
293
177
27
89
175
104
110
240
154
249
211
318
127
241
43
99
143
108
133
89
33
42
42
74
74
37
29
64
62
27
29
25
48
39
28
26
31
38
39
25
33
32
31
30
29
35
24
27
37
36
29
29
29
30
29
35
30
27
27
28
30
29
31
27
41
41
38
27
32
224
955
577
1459
702
588
50
32
27
33
29
32
31
42
31
106
146
95
26
28
24
33
27
35
34
37
31
44
26
37
106
37
39
29
36
32
31
34
29
34
27
38
56
27
28
25
26
29
35
50
36
36
33
29
37
36
36
35
44
29
35
30
34
30
24
26
81
45
137
30
37
34
32
41
56
34
27
36
32
33
23
122
33
39
24
35
25
26
35
24
26
25
26
35
29
28
27
41
31
31
26
31
34
28
30
22
29
38
27
26
28
32
31
30
30
34
28
51
75
69
92
28
37
33
33
36
31
39
37
32
35
37
31
34
28
29
38
32
31
38
31
31
28
40
23
25
32
27
28
29
32
31
27
29
30
29
31
32
30
29
26
37
32
24
34
32
28
63
33
42
38
46
27
30
27
27
27
28
26
26
25
27
28
27
24
36
30
29
36
36
33
29
47
31
28
54
57
24
28
29
26
27
31
30
26
27
26
35
29
30
25
31
35
37
40
30
30
57
47
31
26
29
28
30
40
28
34
63
58
28
32
34
29
29
31
25
28
32
31
25
43
43
30
27
26
32
35
28
28
31
28
26
31
33
40
32
36
74
31
24
28
29
38
35
32
53
59
45
35
32
29
33
29
28
27
26
25
29
28
30
29
27
26
27
28
26
28
27
83
33
27
31
31
51
35
37
63
32
28
37
34
36
34
48
39
32
27
33
31
35
25
32
25
26
25
26
40
60
35
27
34
29
89
67
85
25
29
27
27
29
38
27
34
28
28
32
26
40
26
27
26
38
105
86
32
32
23
30
24
69
77
69
48
36
35
28
41
37
52
35
1058
648
240
109
44
80
30
29
31
26
33
26
22
65
22
28
25
21
20
32
35
30
25
77
27
34
45
31
52
33
27
31
32
21
27
28
43
42
30
29
31
27
21
25
26
30
24
33
23
22
26
30
24
31
27
30
79
331
44
26
60
54
23
39
62
30
37
24
23
27
28
27
33
27
29
35
30
27
23
22
26
30
24
28
22
26
25
67
26
27
23
22
23
26
22
23
34
26
26
27
26
35
29
23
129
85
34
32
37
74
61
26
26
61
53
66
43
55
120
33
25
24
24
58
27
25
24
23
26
25
27
26
25
22
38
22
23
27
21
25
23
25
21
31
28
20
27
26
103
52
32
78
70
33
39
99
523
1669
1762
26
28
32
26
21
28
33
26
22
23
22
20
21
20
24
35
33
31
37
32
49
24
53
79
34
21
30
22
34
22
21
28
24
23
22
31
22
20
29
23
22
25
24
25
24
23
24
75
25
30
31
28
26
36
31
35
27
27
31
27
25
32
21
29
20
29
30
28
26
29
70
24
1849
21
25
26
25
25
22
23
23
26
35
22
32
26
22
28
21
26
25
24
22
24
30
22
23
20
31
25
26
35
46
48
25
29
25
25
25
35
23
66
25
29
30
29
30
51
30
26
25
35
34
51
27
30
34
32
28
22
38
25
25
27
27
56
23
26
25
22
23
23
24
25
22
21
24
23
23
22
26
25
25
24
25
25
24
24
26
27
29
28
27
29
27
40
57
83
86
27
41
88
24
23
27
26
25
29
28
27
26
40
63
29
32
43
24
38
37
24
40
25
27
24
28
26
33
23
22
26
28
24
27
26
30
29
27
28
22
21
27
23
27
23
25
22
21
27
26
25
76
27
24
25
22
21
21
21
25
26
22
23
29
25
27
21
30
23
23
22
21
25
29
28
27
26
21
27
21
23
26
22
21
22
27
30
28
24
22
21
23
21
34
30
55
27
77
32
48
30
28
25
23
51
28
24
20
22
23
29
26
25
29
28
27
50
31
42
26
31
31
25
25
24
33
24
25
26
29
26
27
26
28
48
30
30
74
30
28
32
33
70
31
31
29
23
38
23
30
40
34
33
25
31
121
27
229
40
26
24
28
28
28
21
26
27
24
20
29
32
33
32
26
25
28
23
24
26
27
27
23
34
23
28
26
26
27
26
21
23
22
23
26
25
25
30
27
35
34
28
28
42
36
36
28
34
23
22
30
27
26
25
31
23
22
21
22
23
22
21
22
27
33
27
27
24
26
27
29
30
29
38
49
28
27
26
22
23
27
19
22
23
22
29
30
84
28
27
22
26
24
32
38
31
60
38
32
26
28
74
30
328
37
39
28
30
43
30
22
29
27
27
30
29
23
27
27
30
33
27
25
31
34
27
27
32
35
39
27
31
32
24
30
31
25
24
26
26
29
30
24
27
26
28
27
25
32
30
26
20
72
25
31
28
28
64
27
21
33
32
28
28
52
23
26
40
61
31
24
38
51
23
21
23
22
24
32
25
26
32
52
24
55
41
30
22
25
25
25
24
31
29
24
23
25
24
22
62
27
23
30
26
30
32
26
27
26
33
25
26
25
25
23
22
27
33
29
37
44
31
37
30
29
32
26
37
23
29
32
27
26
32
21
23
23
21
27
23
22
25
24
23
27
25
24
26
25
30
32
27
25
33
41
38
25
31
24
95
46
64
1123
1227
1244
30
36
79
25
20
30
44
29
27
21
24
23
27
26
27
24
31
27
28
24
23
29
30
25
43
34
32
29
27
29
25
26
27
43
29
92
25
24
26
23
27
26
75
59
38
90
57
27
26
203
33
36
45
33
28
33
30
39
34
33
26
27
31
28
36
28
28
28
27
26
28
28
32
85
31
38
32
33
68
26
33
40
36
27
29
31
26
338
452
283
528
225
336
273
260
330
282
214
26
30
139
121
24
40
28
27
26
22
23
45
27
41
33
40
36
63
135
79
92
80
57
76
28
29
25
26
27
33
31
45
43
35
24
29
27
41
243
28
423
447
141
98
31
40
29
28
28
36
34
32
130
1910
2712
2148
1877
33
27
36
37
26
25
94
29
208
295
352
314
420
292
134
49
31
30
26
35
29
28
31
23
239
28
126
247
225
319
488
33
24
29
27
2206
384
573
410
416
194
308
267
410
388
439
283
239
145
32
26
35
37
28
202
29
29
28
30
26
65
28
27
35
28
32
31
150
32
114
30
24
31
27
29
42
142
203
293
34
42
28
39
220
25
56
30
30
24
30
268
417
286
26
371
37
296
290
194
349
87
166
35
104
138
28
26
27
33
28
26
26
30
29
28
63
53
29
26
32
31
23
28
25
27
31
30
109
186
300
226
27
129
28
28
25
29
33
32
163
34
29
29
32
38
130
65
36
29
29
33
65
44
35
28
28
28
28
181
42
29
32
35
33
456
358
47
37
28
79
30
511
299
48
30
29
28
37
26
157
240
30
29
34
73
33
79
33
31
86
29
414
238
32
30
26
27
24
51
31
41
30
156
296
34
32
25
37
30
290
170
34
27
27
30
34
37
33
33
37
34
39
39
50
39
27
40
29
28
47
29
29
205
469
100
32
34
42
28
230
30
31
35
28
27
38
34
33
32
28
32
24
27
31
32
28
30
26
30
37
35
29
33
27
29
35
30
34
28
33
27
36
27
58
30
49
39
30
34
29
28
31
31
30
29
33
30
24
28
29
33
27
31
25
31
25
33
30
33
27
31
24
28
27
31
35
32
26
38
36
25
29
31
27
28
27
29
30
40
31
29
33
31
43
31
28
50
34
26
27
26
36
40
26
28
30
36
25
30
31
30
37
42
30
55
29
30
42
28
33
29
33
32
36
77
27
27
34
33
36
38
31
24
28
33
25
24
27
29
27
29
25
371
340
28
31
32
33
26
35
203
150
46
34
137
40
269
276
28
29
29
621
637
506
579
669
430
335
417
156
175
31
30
28
34
28
38
30
29
28
32
33
37
40
37
30
152
37
64
37
65
38
44
35
141
32
34
30
49
26
30
28
37
33
34
57
31
29
25
35
35
477
425
140
153
405
314
448
24
32
30
26
22
26
28
34
35
29
28
24
28
114
99
31
89
99
85
572
658
338
180
82
1177
340
31
27
31
34
28
36
24
38
54
33
27
214
272
171
130
29
30
342
339
27
37
150
192
82
30
27
167
1190
1578
45
31
35
31
1178
1366
1570
1038
873
468
896
730
105
28
27
53
437
612
548
318
379
317
224
142
162
126
192
202
87
326
300
389
753
49
39
177
191
201
256
32
28
31
29
32
39
27
25
26
31
33
31
29
29
70
30
30
38
27
27
29
29
32
54
32
31
70
28
116
175
30
31
33
27
23
33
30
30
29
34
26
28
26
28
35
33
30
321
155
164
218
252
166
117
109
144
148
157
215
91
200
172
71
28
27
36
28
28
41
29
36
36
36
38
58
31
81
28
27
32
39
24
25
30
41
370
267
386
139
457
563
525
407
291
473
594
410
359
388
244
523
302
321
675
251
463
421
246
366
274
273
343
33
24
33
29
28
37
51
32
29
30
31
29
48
34
62
28
49
87
94
28
43
28
49
32
41
32
35
41
32
45
30
34
31
44
50
30
27
26
34
31
65
55
35
67
44
25
24
27
36
25
36
32
31
34
31
63
28
36
31
27
49
36
33
37
29
38
31
26
32
37
27
26
32
29
26
30
28
22
28
119
908
369
27
26
28
27
30
30
29
27
26
27
34
35
67
31
31
36
49
28
50
40
29
28
114
194
123
170
38
156
217
243
132
25
32
27
30
343
272
264
50
28
29
380
418
367
328
31
47
54
173
32
36
37
59
29
28
27
76
65
34
30
34
33
42
46
33
268
407
324
415
30
28
26
52
35
29
26
58
31
29
33
114
27
30
34
33
32
26
61
28
88
43
44
53
30
55
30
29
28
27
26
40
34
25
32
31
45
25
31
25
28
25
25
33
27
26
35
29
27
26
28
29
41
226
135
30
23
27
26
35
27
221
29
29
31
25
44
308
113
50
30
39
36
45
83
29
30
236
27
33
38
34
34
29
28
27
25
30
25
29
26
26
29
36
27
31
30
34
28
27
2734
2160
1565
281
2209
3326
33
28
39
38
35
44
29
33
34
29
29
32
26
34
37
29
30
28
30
29
26
30
29
38
32
31
65
29
31
30
115
24
30
32
32
150
36
27
222
25
35
30
26
26
30
39
32
33
37
29
34
68
57
37
25
48
26
28
26
25
31
29
24
41
27
29
30
29
26
91
106
28
31
45
34
31
33
34
33
29
31
28
56
27
26
308
374
119
267
279
256
111
85
70
94
89
24
91
100
89
82
48
82
91
83
73
27
31
45
30
30
62
34
30
46
28
39
30
36
61
48
29
43
31
43
29
290
36
30
190
210
78
186
24
221
301
95
84
83
151
130
64
111
89
108
82
49
70
83
115
31
96
28
27
26
35
27
26
37
26
28
37
30
73
46
67
158
30
32
38
105
34
41
177
32
34
131
30
233
25
31
24
353
201
24
33
27
26
29
29
25
24
29
35
27
28
29
28
25
30
58
445
33
35
33
42
39
37
107
35
30
43
140
348
324
433
148
103
29
26
30
29
28
32
28
32
34
31
42
30
44
33
1326
1969
2865
28
27
27
28
52
117
463
266
424
165
252
263
26
30
26
27
28
28
23
30
32
27
27
26
37
29
30
28
35
31
35
30
32
79
40
28
32
29
28
32
25
31
26
58
32
28
29
30
34
28
27
26
27
33
35
35
26
32
89
37
49
37
34
32
38
50
34
35
32
32
24
27
26
25
34
30
24
32
31
35
30
38
38
28
26
30
33
36
24
26
28
29
29
27
26
27
32
26
39
28
31
32
36
33
32
41
33
31
33
35
27
44
3932
2874
51
31
32
31
33
32
25
69
33
114
152
35
25
29
28
27
27
28
32
26
23
30
30
40
31
181
166
30
39
32
35
346
511
412
407
227
212
219
165
214
156
44
34
96
108
252
199
40
29
30
28
27
26
25
29
29
30
28
32
27
27
29
29
30
34
28
31
42
27
25
30
35
27
37
26
32
28
25
26
29
33
27
36
29
69
142
36
33
28
29
32
27
32
30
34
34
29
32
42
43
24
36
34
28
27
31
35
25
29
31
28
30
29
31
30
27
26
30
37
27
31
30
29
27
38
25
26
33
29
28
41
34
28
39
38
31
27
30
35
27
28
225
29
28
27
26
30
45
101
32
30
92
71
33
33
32
40
31
37
27
124
40
39
60
30
38
31
35
52
57
39
57
31
32
85
37
53
167
31
30
34
87
34
29
28
30
39
185
62
125
34
26
32
25
68
58
34
37
52
27
24
28
29
31
25
34
27
31
115
32
27
32
29
27
38
26
30
29
24
31
30
28
30
29
30
116
86
91
28
29
238
33
30
28
27
29
30
34
36
30
29
26
27
31
27
29
35
38
29
29
24
24
27
29
31
25
24
30
302
379
455
174
288
530
209
364
535
421
309
478
348
368
246
410
224
483
535
433
474
341
484
449
334
338
547
629
115
242
403
436
365
478
257
271
413
432
321
479
395
242
171
207
326
290
575
656
320
539
558
507
516
305
204
503
245
339
435
259
252
471
449
471
255
309
533
406
166
519
460
187
339
129
426
252
194
403
272
184
209
487
257
216
522
201
325
443
362
316
115
656
639
663
662
207
343
427
426
510
414
451
501
512
239
373
398
555
286
296
475
442
346
141
219
413
472
599
339
465
336
451
515
619
438
273
340
323
439
179
298
581
564
331
419
501
551
309
631
411
520
465
114
100
325
504
313
429
582
579
377
408
490
509
475
154
347
411
503
362
513
487
280
548
226
270
342
487
223
245
299
496
420
388
268
469
282
32
28
34
37
517
162
400
601
285
131
239
483
533
291
31
29
28
25
37
27
30
29
34
188
27
27
72
27
28
47
32
34
1309
156
35
76
34
172
111
151
180
199
276
175
200
179
243
35
25
26
35
28
32
35
28
32
31
89
80
277
243
30
31
29
28
56
282
112
1868
2774
35
30
35
26
27
31
29
37
35
42
28
41
26
45
40
28
27
45
23
74
34
35
28
26
23
32
28
27
30
54
531
675
446
541
38
31
150
34
116
97
28
32
29
31
50
69
27
30
64
67
31
26
31
80
100
92
65
65
130
29
30
87
53
27
26
39
30
46
31
29
39
160
65
52
70
87
36
33
59
27
26
51
60
25
31
27
28
27
33
29
28
33
33
35
48
33
32
46
25
108
26
31
30
29
27
38
28
30
31
26
25
25
30
29
31
28
30
36
45
29
28
31
31
32
26
30
25
37
27
29
36
27
28
27
26
30
26
30
29
28
35
33
28
28
27
76
35
68
33
28
32
27
28
24
37
73
25
33
105
36
43
26
34
30
29
28
31
41
29
48
23
29
26
33
50
29
28
27
28
30
24
31
30
35
34
24
31
26
30
27
26
58
30
29
26
31
64
28
29
26
33
54
26
32
34
30
27
28
30
28
29
28
31
30
32
28
29
28
34
27
26
30
34
25
31
27
25
31
195
68
175
211
87
103
26
30
26
35
28
30
31
27
26
26
25
30
34
37
36
35
31
29
31
53
30
36
29
25
31
29
31
27
24
36
30
28
35
27
28
27
31
27
30
30
24
21
25
22
23
27
37
21
45
467
660
1612
359
426
40
28
52
45
34
2902
37
26
29
28
30
30
29
23
27
30
168
102
29
79
33
32
24
278
39
37
34
27
31
29
34
24
29
41
27
28
32
28
32
26
30
31
26
23
27
29
28
25
38
39
25
24
30
32
28
31
37
34
29
29
57
36
35
37
29
31
29
38
34
33
27
31
28
28
31
29
28
29
25
32
27
36
29
23
32
47
27
34
30
811
194
723
829
1143
246
41
36
77
33
27
57
25
32
28
25
26
25
26
29
43
36
30
32
29
29
46
30
29
29
28
30
30
29
24
31
33
28
38
30
30
34
31
24
28
32
37
30
76
28
27
24
37
27
25
26
30
29
28
27
26
30
25
24
25
29
24
29
28
30
35
97
32
37
32
31
57
39
35
27
26
31
36
28
26
28
66
30
28
58
946
29
34
26
38
27
84
28
27
30
26
25
33
27
28
23
34
28
45
30
37
26
185
78
27
26
35
34
83
92
26
49
97
149
105
117
25
32
28
83
66
29
88
27
30
77
28
30
27
24
30
45
28
27
69
30
29
25
24
35
37
29
29
29
68
57
25
29
28
29
28
174
33
33
35
30
55
36
55
25
52
36
27
28
91
26
37
25
48
36
22
46
30
29
35
27
26
27
31
39
27
28
31
625
1544
971
653
28
25
27
38
30
25
24
33
27
71
22
21
21
23
22
39
24
22
21
28
24
28
27
26
30
24
28
27
66
75
27
56
31
26
58
24
58
38
30
28
87
29
89
51
89
58
32
29
33
27
30
31
27
22
23
25
21
25
51
23
24
20
26
25
27
24
28
22
48
21
25
24
42
33
22
26
27
24
23
24
23
26
24
24
22
27
26
25
22
25
29
23
27
22
28
39
22
26
22
21
25
36
24
23
29
28
22
32
27
35
27
25
37
68
48
24
35
33
66
23
43
25
23
24
20
39
23
22
24
22
23
50
25
25
30
27
28
37
29
29
24
21
27
25
27
24
61
29
27
27
29
28
22
21
25
24
24
23
22
21
28
25
25
19
25
24
21
22
44
28
22
21
28
27
26
27
30
24
23
22
21
27
21
26
26
22
26
30
793
1240
1131
813
799
430
1281
26
73
24
28
24
21
22
21
26
22
20
22
38
24
28
24
25
21
26
28
38
27
21
28
23
23
26
28
32
26
25
31
26
36
36
30
26
30
29
33
28
47
36
36
29
39
38
35
27
31
28
33
51
23
28
38
22
21
34
29
22
21
25
24
24
22
23
22
26
25
24
22
25
30
28
30
23
22
21
22
22
23
27
21
29
23
21
26
25
27
26
25
23
29
69
22
22
41
23
23
27
21
25
24
22
21
25
27
26
25
39
23
28
27
287
26
27
28
178
26
827
948
379
40
24
26
21
23
33
36
46
21
28
21
26
24
21
25
25
39
25
44
24
26
47
1145
719
199
25
38
24
26
26
24
21
22
20
23
30
22
26
75
31
30
24
39
37
33
24
22
27
35
31
30
29
25
23
24
25
22
20
23
21
47
22
21
27
23
21
23
22
21
28
29
31
30
35
26
39
26
26
22
24
24
29
24
22
24
28
29
28
22
22
22
21
22
21
22
21
25
39
26
26
40
27
29
24
30
34
27
28
27
21
26
31
26
35
37
35
33
30
29
31
27
27
31
29
24
48
38
69
35
32
27
25
73
29
31
35
25
21
25
23
27
30
32
26
25
24
23
22
21
24
22
26
23
21
25
34
29
80
27
28
26
51
28
32
45
30
28
25
24
22
65
25
27
26
22
21
22
26
25
26
22
25
27
36
26
29
30
27
42
29
27
22
43
23
35
23
21
27
31
22
44
25
25
45
24
27
23
22
23
32
30
22
22
18
22
21
37
51
36
26
30
30
25
30
27
25
25
23
22
24
30
23
22
23
22
21
23
41
28
24
33
26
22
59
24
54
27
24
23
23
22
22
25
29
29
37
43
28
35
35
42
22
24
24
21
24
21
22
22
23
24
19
23
26
22
20
25
26
21
23
22
22
21
30
27
29
23
26
23
67
26
27
31
22
22
23
24
23
24
21
23
30
22
28
27
21
24
36
34
23
24
27
28
27
26
30
23
28
24
39
21
31
21
59
33
23
27
32
32
24
23
31
30
22
49
23
21
29
29
19
22
23
22
28
27
24
24
35
24
32
22
28
23
78
29
111
35
54
35
27
46
31
34
40
26
30
28
42
35
30
25
29
26
30
25
27
32
33
27
73
31
23
29
28
25
24
21
57
23
21
28
32
22
21
25
27
22
24
23
22
33
22
21
28
23
27
24
25
28
27
23
27
34
23
22
26
21
50
24
33
21
23
22
23
22
21
22
25
46
26
30
73
34
23
29
28
26
25
23
26
24
23
25
35
21
29
29
25
36
26
33
31
30
22
30
26
69
31
28
45
26
26
40
27
23
25
36
30
21
23
21
74
27
25
29
40
35
38
29
29
33
69
26
31
32
20
21
26
22
23
22
29
23
54
26
31
24
24
30
21
23
26
25
22
26
37
27
26
27
23
32
25
25
25
21
35
35
32
41
24
72
25
24
26
24
23
22
23
26
22
22
25
34
27
27
23
22
26
30
25
27
70
23
57
28
31
76
50
40
47
26
42
32
21
23
19
25
24
23
23
31
23
24
23
25
21
23
21
23
31
30
23
28
29
24
26
25
24
24
68
29
20
24
26
21
23
25
21
24
23
22
21
21
26
28
25
24
23
24
22
21
33
22
26
22
26
21
23
22
21
23
23
24
55
28
66
26
29
33
37
22
43
39
38
75
50
27
24
23
29
31
33
26
27
30
30
191
305
57
28
77
46
24
23
74
22
25
23
27
22
25
24
23
22
24
23
22
28
22
23
24
21
24
23
22
23
21
32
22
29
26
31
29
36
38
26
26
33
25
30
31
25
26
24
21
20
21
33
34
20
20
23
32
54
26
57
33
24
25
26
24
38
35
26
25
24
25
24
22
22
24
22
29
25
24
21
27
27
27
80
26
26
46
24
29
31
25
36
30
19
20
22
26
48
23
24
22
22
32
27
27
26
26
34
27
30
39
100
33
38
26
22
26
29
20
40
22
22
22
48
29
22
60
29
31
26
26
46
23
22
29
26
27
43
21
23
22
23
21
27
26
25
25
30
27
25
23
28
76
28
24
28
741
28
27
36
23
29
49
45
24
38
27
25
30
28
22
25
24
23
21
30
24
23
23
46
28
24
52
28
30
23
28
21
26
29
22
26
34
22
22
25
24
23
24
23
22
21
23
22
28
22
23
22
28
26
22
26
23
22
21
23
22
22
23
22
21
25
68
43
937
1353
1286
1218
1966
34
25
37
24
29
23
23
20
27
21
25
25
21
23
22
22
36
28
21
22
21
22
21
34
23
22
24
27
23
21
22
30
21
25
28
23
22
23
22
22
21
22
21
23
24
27
25
25
25
46
23
64
29
20
60
28
20
21
23
26
23
21
22
22
26
25
24
26
23
28
26
74
43
488
164
35
45
24
23
29
23
22
30
24
24
41
21
22
28
22
21
25
25
24
22
21
20
21
21
22
21
29
41
27
21
26
23
22
23
22
25
27
26
21
36
26
34
26
28
46
24
23
26
21
24
21
20
23
22
23
23
22
21
22
21
22
21
25
28
27
26
22
22
29
22
21
26
23
23
23
26
29
80
29
66
26
26
26
25
39
23
26
26
26
24
47
24
25
30
33
24
21
25
22
36
35
29
55
24
25
26
24
29
24
23
24
23
25
25
33
22
21
27
25
69
30
27
26
30
25
23
31
22
33
35
21
35
21
31
28
22
29
22
25
31
25
51
28
24
25
20
30
34
22
77
23
22
21
22
26
29
23
24
23
21
23
28
24
23
32
26
20
21
22
27
21
35
31
25
27
33
27
24
24
21
27
26
25
29
23
24
27
30
37
24
22
26
40
40
27
92
74
63
22
40
24
26
24
24
28
21
23
25
23
24
26
22
21
23
23
23
55
32
30
22
23
26
30
43
21
24
23
21
67
25
22
32
27
24
27
25
21
22
32
22
21
22
24
25
37
28
23
23
27
27
83
24
25
24
30
26
26
22
58
22
22
32
29
86
409
41
36
39
27
23
21
32
47
21
20
30
25
21
22
21
21
28
27
32
23
22
24
23
21
22
52
22
21
31
26
27
24
23
32
21
21
30
29
22
28
24
23
22
25
22
28
22
23
24
23
22
27
23
22
21
31
23
26
24
24
23
22
31
28
22
31
23
23
24
23
26
27
23
22
21
22
21
28
29
21
23
21
24
28
21
24
27
26
24
33
23
22
35
24
28
33
26
38
49
23
21
22
21
23
21
22
21
25
24
23
32
24
24
23
21
23
22
23
24
25
24
33
22
24
72
27
48
25
26
25
36
26
661
259
104
39
22
26
44
27
33
25
22
20
27
42
24
24
22
25
26
25
24
28
22
22
81
20
24
21
22
21
25
22
21
22
21
24
48
32
29
22
21
23
22
23
22
21
25
23
19
33
27
22
21
25
24
23
24
33
22
25
25
36
25
24
23
22
21
24
22
23
21
20
32
32
28
24
29
29
31
25
24
27
23
21
22
35
32
25
36
36
32
23
27
21
23
24
23
23
27
20
25
27
23
24
28
24
23
32
21
30
41
54
25
25
26
35
41
30
47
33
31
24
32
25
23
23
24
25
25
64
27
30
34
22
21
21
23
22
26
20
24
30
22
20
23
22
21
25
24
23
24
33
25
23
22
23
24
25
24
30
21
42
39
25
35
31
24
24
43
23
23
28
22
33
26
27
23
22
26
25
54
29
46
35
31
31
1518
88
23
902
303
38
24
37
29
25
24
23
21
23
22
23
23
22
20
22
21
22
21
25
22
23
21
25
38
27
46
24
22
31
26
27
31
26
26
30
21
29
23
20
37
29
27
22
26
25
34
33
31
24
24
60
25
25
27
56
30
30
23
22
24
23
25
24
28
22
60
22
23
22
21
32
36
24
23
24
28
26
28
34
23
41
44
29
23
25
28
23
27
22
81
23
21
22
25
23
28
29
23
23
21
22
33
66
24
42
27
23
24
25
21
32
21
22
21
23
57
20
30
21
23
21
22
23
24
23
22
25
24
23
20
24
28
29
28
27
43
35
31
31
27
25
63
26
65
22
21
21
27
25
23
29
22
26
24
29
32
26
23
29
23
47
3262
21
25
19
23
25
21
25
21
32
21
35
26
25
24
38
28
29
28
21
25
24
23
21
21
20
21
25
25
24
23
22
26
25
24
26
24
23
22
21
21
25
24
23
25
60
32
28
35
24
22
27
22
26
36
29
25
24
21
21
24
25
28
22
22
21
35
24
26
25
19
25
23
22
27
31
26
36
26
45
34
22
29
21
24
27
21
32
23
23
23
25
25
29
26
27
22
21
22
28
23
74
29
30
26
26
22
26
25
47
25
22
22
33
31
21
23
34
21
22
22
21
32
28
23
19
31
32
27
26
27
26
21
25
23
22
24
25
22
23
26
26
30
24
24
23
22
21
24
27
26
19
23
22
22
26
36
25
24
57
25
23
22
25
21
25
24
22
23
23
31
22
21
23
24
22
20
24
27
23
23
18
22
24
24
22
24
59
25
25
69
33
39
26
24
24
27
23
22
22
24
28
24
29
25
23
23
21
20
22
21
25
24
28
22
21
25
27
23
21
25
24
23
22
25
24
27
21
22
21
25
23
29
23
29
25
21
28
26
27
22
92
48
50
27
23
24
22
21
21
24
25
19
22
21
21
32
22
40
22
38
37
25
37
22
24
25
29
23
29
21
33
24
22
25
24
23
22
34
28
22
25
23
22
21
25
22
21
25
23
23
55
26
24
25
28
25
22
30
28
25
25
23
32
23
22
23
21
25
21
23
30
21
22
25
24
21
26
31
26
46
71
24
34
22
25
25
31
26
23
23
27
26
23
29
24
23
21
24
22
29
35
26
24
23
29
25
23
22
24
28
21
25
22
59
25
24
21
24
21
25
21
21
24
24
23
25
28
33
21
23
22
24
22
23
32
25
21
22
20
25
25
34
30
21
23
22
22
25
21
25
22
23
22
30
25
24
21
21
22
21
26
22
21
23
23
27
24
21
21
21
28
29
23
22
21
23
21
29
27
26
29
19
23
22
23
22
21
20
24
31
22
21
22
21
25
25
36
25
24
23
24
31
23
22
21
22
23
22
22
36
23
31
21
25
29
28
22
21
23
22
42
26
20
21
22
21
25
25
21
22
23
20
23
21
19
24
22
21
23
22
46
28
24
28
23
22
21
22
21
25
24
23
32
21
23
22
23
22
21
22
22
21
25
24
25
24
23
22
22
21
25
24
30
22
21
20
22
21
24
22
23
22
21
32
33
27
24
23
29
23
43
25
49
21
22
27
35
24
32
26
22
21
22
31
25
29
71
26
21
23
22
21
26
25
24
33
28
26
31
26
28
54
29
27
30
22
52
25
24
24
25
25
26
28
39
36
27
19
25
109
26
25
24
22
34
23
22
21
27
21
25
29
31
21
25
24
27
26
23
22
24
28
27
25
33
29
54
26
32
35
29
25
22
28
23
23
23
21
21
25
24
28
20
28
22
24
35
27
110
22
23
25
29
32
29
23
55
22
21
20
21
25
24
24
24
25
23
24
23
22
21
19
23
22
23
22
25
23
26
22
21
21
28
21
36
24
23
89
22
27
31
20
21
25
24
23
22
21
23
25
23
23
23
615
251
39
24
25
22
29
28
24
67
23
25
23
22
27
22
25
21
22
19
21
22
21
22
31
23
19
18
23
22
21
23
53
26
25
24
43
25
26
22
37
23
31
24
23
33
23
21
34
25
27
27
23
22
19
21
25
23
23
22
23
24
23
23
22
21
22
21
1399
509
21
26
25
23
23
23
31
75
23
22
64
25
22
26
25
26
24
24
18
20
26
23
22
26
25
22
21
21
22
24
25
24
25
22
21
21
25
33
34
28
26
26
56
29
24
62
28
24
22
30
28
28
25
25
20
33
21
21
25
25
23
29
62
82
22
27
23
26
21
27
26
22
41
28
74
35
28
27
22
25
26
26
26
22
28
23
27
21
25
22
28
22
21
22
26
25
26
22
27
26
23
63
27
25
73
23
23
25
25
23
45
24
37
24
32
23
25
23
25
24
25
21
25
24
23
21
22
21
22
29
33
25
24
23
21
26
23
30
25
34
20
20
21
25
22
24
22
19
35
23
21
34
46
23
26
41
37
86
48
31
25
23
27
26
25
22
22
87
34
22
25
26
22
21
30
29
23
27
33
23
26
33
54
23
23
24
24
23
24
31
21
21
23
26
32
42
23
59
22
29
42
30
29
33
26
22
26
28
28
25
27
29
24
28
22
24
22
20
24
23
24
23
22
21
23
22
22
21
28
25
24
24
21
28
24
23
22
21
25
24
23
24
25
26
28
22
41
32
30
56
29
31
26
22
23
22
21
38
24
21
49
25
23
65
22
25
24
23
24
35
28
23
25
31
26
26
21
35
23
30
21
28
20
26
23
52
22
21
22
23
21
21
25
47
21
32
25
34
23
22
22
21
25
24
26
23
23
19
21
23
21
23
18
22
26
24
22
21
22
28
21
23
22
23
23
22
20
79
73
21
22
21
22
21
25
24
24
23
22
21
22
21
25
24
23
21
23
22
21
25
26
22
26
25
24
23
34
72
80
29
24
23
30
29
50
35
23
25
24
22
22
24
30
40
52
29
21
37
26
28
24
37
41
23
28
21
24
23
29
26
24
25
24
26
22
20
19
25
24
22
23
22
21
22
21
23
21
36
43
25
22
27
25
23
23
26
22
77
34
28
36
56
31
22
21
22
21
19
25
24
26
23
22
21
25
78
27
24
22
26
31
24
23
32
22
25
25
24
26
24
68
24
27
26
23
22
21
22
23
21
22
21
25
20
22
21
21
21
22
20
40
22
21
27
25
24
23
22
34
23
22
73
27
26
30
26
23
22
20
22
24
22
24
23
29
19
25
21
21
25
25
423
32
27
24
25
51
33
26
25
23
24
21
23
24
23
27
21
28
49
25
29
23
22
28
24
20
21
25
24
20
21
25
24
20
39
23
22
30
31
27
25
22
23
32
24
22
33
23
22
26
25
24
23
27
21
25
22
27
35
31
21
26
25
25
28
22
31
29
32
34
23
22
32
25
21
72
31
38
25
24
24
63
22
41
26
28
22
22
23
32
22
25
23
22
21
22
29
33
27
21
21
25
24
23
22
33
22
26
28
22
19
24
25
26
33
21
23
22
21
60
50
25
22
36
27
23
27
28
26
27
53
25
24
23
22
20
22
21
25
22
28
27
31
35
21
25
24
25
21
25
24
23
23
25
20
38
25
22
29
23
25
24
23
22
24
23
23
22
25
28
21
79
26
72
24
26
26
21
30
25
21
22
25
22
22
21
20
21
21
24
23
24
26
27
24
23
22
24
24
27
23
87
23
40
26
25
24
23
23
23
21
21
34
24
23
32
19
30
26
23
22
25
25
23
22
21
22
24
36
22
24
23
24
21
23
21
22
24
21
22
33
22
26
29
21
24
25
26
25
21
25
23
22
24
33
26
25
24
26
33
22
21
22
21
20
24
23
27
23
27
21
26
28
24
22
25
26
22
60
23
82
29
31
25
24
24
28
37
27
24
39
19
33
22
28
40
24
23
26
21
25
28
31
21
25
25
27
25
30
25
29
22
24
33
23
30
25
24
24
19
28
26
25
25
25
43
22
24
26
25
29
27
26
27
22
24
37
25
29
25
23
21
25
31
22
21
25
23
24
25
22
25
24
23
22
26
25
24
26
22
21
22
21
22
21
25
22
21
61
51
30
21
24
23
35
23
23
22
23
26
19
25
22
50
23
25
24
28
22
21
24
21
23
21
24
24
137
24
23
24
23
22
72
23
22
21
35
24
44
26
37
25
24
27
71
43
31
28
29
83
36
23
22
22
28
28
21
22
23
23
22
24
27
22
24
24
26
30
22
19
25
27
23
24
24
45
28
24
28
29
39
24
23
22
26
22
24
37
21
24
26
22
40
20
30
29
38
66
25
26
24
23
32
23
32
20
21
25
26
26
40
21
25
22
26
23
22
21
25
21
21
23
22
21
21
28
29
21
22
31
26
25
21
25
24
23
20
21
25
31
29
29
37
273
24
24
31
46
25
28
19
23
41
21
22
38
24
22
21
23
23
19
21
28
32
24
29
27
20
24
24
21
30
25
23
24
21
22
21
24
23
44
24
25
29
28
20
43
26
25
25
27
24
47
27
25
24
24
79
25
31
24
23
29
23
22
22
28
27
21
28
21
23
26
21
29
41
27
25
23
52
22
25
35
30
23
27
21
50
19
28
23
22
25
24
21
24
23
20
22
21
25
24
25
22
21
21
23
25
24
26
22
33
22
21
28
26
22
24
21
22
21
30
20
21
25
24
21
23
22
21
27
50
28
79
31
25
28
31
28
25
26
25
24
23
52
28
23
21
32
28
26
25
27
28
24
24
22
21
25
21
29
23
22
23
22
21
23
25
24
23
22
21
23
22
21
23
22
23
27
23
20
32
23
22
20
20
27
21
23
26
25
24
24
23
22
21
25
34
36
46
60
26
2815
20
34
23
21
27
26
23
28
23
27
26
25
22
26
21
21
24
28
32
31
23
22
21
30
28
18
27
28
29
22
22
21
25
24
23
27
19
26
27
24
23
22
24
23
22
21
23
22
23
21
22
21
23
35
24
33
23
24
23
32
27
27
26
51
47
28
39
26
25
32
28
35
25
26
28
23
22
24
23
24
24
22
24
28
28
25
24
23
42
24
23
33
25
32
22
31
74
22
26
27
49
36
23
21
30
24
24
24
23
25
21
32
26
27
83
28
20
36
28
20
25
24
23
21
33
24
27
24
24
24
21
34
26
25
29
27
24
24
21
26
25
24
23
22
24
25
21
33
25
60
41
22
24
24
23
35
23
22
29
33
52
20
20
25
25
30
27
24
23
33
24
32
106
81
25
46
27
22
25
25
21
73
22
24
26
38
23
24
23
25
21
21
32
21
23
20
21
25
22
38
80
36
26
23
28
52
22
23
22
32
30
23
25
107
23
23
21
26
22
22
20
22
23
25
24
22
23
21
25
21
21
21
20
22
20
23
23
27
20
26
22
22
21
24
22
21
22
