33
215
162
58
35
27
31
29
28
96
33
33
28
26
44
30
27
27
23
23
29
26
33
32
28
25
23
24
33
33
27
41
26
28
24
34
32
40
34
30
30
42
28
23
28
21
27
22
24
21
25
30
33
23
25
27
27
25
29
30
22
30
25
35
28
24
24
23
25
25
23
29
24
54
29
24
26
25
25
32
24
22
28
26
57
25
47
26
25
21
23
25
21
24
27
26
25
23
24
23
24
23
26
31
29
26
26
22
24
21
21
27
23
27
23
21
26
21
34
24
24
33
22
26
22
32
24
38
29
26
28
23
31
22
43
24
23
37
22
25
27
29
76
47
309
327
283
25
23
29
25
39
22
30
21
26
22
171
290
313
189
129
88
162
73
236
275
323
91
100
94
86
35
24
42
49
52
64
24
28
64
33
21
50
28
39
53
27
23
29
38
29
27
22
36
25
37
24
22
31
20
26
35
33
21
23
24
27
24
154
28
22
26
25
29
37
23
24
26
24
29
26
25
24
75
48
42
23
27
25
25
36
27
27
25
36
40
23
24
31
31
22
26
22
22
30
21
26
22
27
29
29
25
27
23
39
96
28
27
22
26
23
22
23
21
22
25
24
21
27
23
104
23
25
25
25
25
27
23
25
21
22
22
23
21
24
27
36
28
29
29
46
3504
26
38
22
27
26
25
37
31
27
27
27
30
22
28
27
33
27
29
24
32
23
32
49
25
27
31
27
23
22
24
22
29
22
26
31
23
22
28
25
23
34
34
26
40
24
32
29
28
25
26
63
26
44
24
50
22
27
35
34
38
24
22
31
24
22
25
20
26
25
19
21
25
24
23
34
33
22
27
22
26
27
24
23
23
28
29
25
24
22
40
24
25
29
23
24
24
24
26
21
23
21
24
28
26
26
24
30
41
23
28
43
2415
24
24
31
22
29
34
34
36
30
28
31
27
32
29
40
26
28
28
29
27
24
30
31
28
29
28
29
33
24
34
26
35
29
31
30
34
33
28
27
31
42
26
34
33
34
29
29
37
26
23
21
25
24
27
26
25
59
22
28
21
49
26
30
34
33
28
27
26
26
31
27
28
31
26
49
23
25
24
23
80
1507
25
30
37
38
31
29
26
27
31
31
35
22
25
24
27
33
28
27
36
35
26
27
30
39
32
29
37
53
29
36
33
2447
188
268
27
32
35
24
29
29
31
33
27
22
236
255
26
30
32
29
70
31
321
198
28
23
395
319
30
24
27
31
218
2066
69
1359
32
33
26
24
206
28
29
43
34
28
27
29
30
26
28
29
26
30
27
28
201
25
29
32
26
30
39
29
28
33
31
27
30
34
27
24
27
26
30
67
70
33
26
26
26
30
34
28
25
24
25
29
34
25
25
24
27
24
41
32
30
30
31
54
29
53
32
35
118
27
85
78
27
43
45
26
25
28
25
30
29
33
32
32
42
34
33
38
36
37
25
28
39
29
28
29
28
26
26
23
29
26
37
28
27
26
32
27
37
39
36
41
26
36
28
28
27
33
33
24
26
32
26
24
66
95
146
24
25
29
27
188
34
323
30
31
35
34
33
67
27
49
29
30
27
24
24
28
25
318
465
401
30
29
30
22
23
22
190
216
29
48
50
92
213
362
111
101
30
26
28
29
27
26
28
117
31
27
26
38
29
114
277
52
1989
30
30
28
29
29
26
40
24
28
26
25
21
23
21
25
22
28
25
24
28
22
24
28
22
41
27
26
23
22
22
26
27
26
29
28
32
31
29
23
27
26
28
29
453
2607
1394
857
424
472
21
20
22
22
29
30
3437
818
29
28
42
22
31
24
24
31
27
21
22
31
27
26
29
22
25
36
27
23
24
26
27
25
33
23
27
29
30
43
24
25
24
22
21
22
21
59
27
25
26
36
28
23
33
23
22
24
47
45
22
21
27
26
38
29
21
26
32
24
31
2877
2777
2866
70
86
28
26
25
31
28
26
162
30
29
30
24
100
29
31
27
263
351
27
26
329
374
217
26
324
380
546
28
27
264
383
34
27
669
428
346
31
27
309
335
26
90
354
533
78
24
343
349
29
28
27
364
361
98
57
26
248
27
26
27
66
37
27
34
31
28
331
422
230
61
23
128
26
100
28
47
31
26
37
26
27
27
385
29
33
24
476
181
30
32
321
26
30
367
335
374
294
32
30
29
35
26
321
369
28
27
27
26
30
34
30
31
27
26
27
23
25
26
31
30
29
31
33
25
31
30
29
38
27
31
26
30
29
28
25
30
26
28
22
27
24
31
21
29
25
25
23
20
45
24
23
30
22
40
21
25
24
23
25
24
23
22
25
24
25
24
32
28
31
26
25
24
33
22
27
28
21
35
44
44
24
26
26
23
31
22
22
25
23
22
26
28
30
29
62
29
33
31
37
34
36
32
27
25
31
131
26
21
28
128
26
25
227
31
32
30
39
33
33
34
48
152
49
88
28
26
41
27
36
24
28
74
26
223
29
28
267
216
27
28
412
425
232
27
30
194
27
26
28
30
244
26
28
32
143
29
21
116
24
23
22
25
27
26
30
29
27
29
39
30
28
35
26
34
34
28
27
49
27
29
25
23
21
22
40
24
23
30
29
27
37
25
24
23
29
22
24
22
23
25
29
24
24
23
21
22
28
29
27
23
22
23
22
25
24
26
25
21
25
36
68
25
27
32
25
26
22
26
25
28
26
24
31
29
24
35
33
27
44
30
28
27
37
34
33
27
28
25
61
23
32
29
28
31
31
32
30
29
27
29
32
64
26
25
23
25
24
20
24
25
24
23
25
21
21
25
23
22
33
22
23
22
29
23
24
30
23
27
36
59
26
26
34
29
31
33
26
30
27
28
32
30
31
28
26
32
30
53
29
66
35
37
31
22
22
27
28
32
31
25
26
28
26
25
30
28
31
34
45
34
29
28
27
37
23
25
29
28
27
26
27
26
37
34
38
29
28
34
29
30
37
29
29
30
34
28
34
26
35
26
28
30
27
36
31
35
41
33
28
47
30
58
30
35
27
30
30
29
30
29
55
23
29
22
27
27
25
25
28
26
28
28
23
22
22
22
24
24
23
25
24
29
33
27
34
27
24
26
24
47
25
64
33
24
63
25
25
29
26
29
27
26
22
30
22
34
20
30
24
23
22
24
36
22
23
23
24
22
23
22
23
22
21
25
29
28
24
23
28
24
31
23
24
26
29
30
26
31
26
22
20
22
25
21
24
23
22
30
30
22
23
25
26
21
22
99
56
25
250
28
38
30
31
30
24
38
29
37
35
25
34
29
42
27
35
25
34
22
24
24
36
28
29
26
98
30
29
29
48
23
26
22
24
22
28
23
24
26
25
22
24
21
27
23
29
24
42
33
35
24
26
25
25
26
24
35
29
40
28
37
27
50
24
34
27
28
30
33
34
32
25
34
26
37
29
28
26
25
26
22
23
23
22
21
23
21
22
26
24
23
29
24
23
29
24
27
28
22
26
31
24
23
33
29
23
24
28
21
25
23
24
25
28
28
31
29
28
26
30
33
87
39
27
30
34
24
25
25
24
25
27
32
31
25
34
26
24
34
39
28
39
30
29
31
29
28
25
28
27
39
29
28
38
27
78
24
30
29
31
29
30
30
27
27
30
24
27
32
72
36
31
33
29
31
33
30
29
28
35
28
32
37
35
35
43
31
34
25
24
28
34
41
27
28
31
32
29
27
29
25
26
30
29
24
25
28
37
29
33
21
30
39
28
32
30
28
32
35
33
30
45
29
27
25
29
43
30
72
44
28
32
30
60
32
34
30
34
27
28
32
27
40
31
43
30
28
37
31
32
31
31
37
25
36
51
25
27
28
27
28
27
23
44
34
37
31
29
29
32
41
29
29
31
36
21
23
21
27
26
22
27
26
27
26
29
43
29
28
30
31
27
31
30
35
33
26
24
23
25
29
25
23
26
26
30
27
22
26
24
25
25
31
24
30
23
29
28
30
27
27
26
24
32
34
29
61
30
33
30
28
29
32
34
26
46
29
26
27
42
26
62
31
31
30
39
29
29
32
35
30
29
27
30
36
26
27
28
21
27
23
27
26
27
30
28
27
29
30
29
35
29
38
37
26
27
23
27
21
24
71
45
29
46
26
30
26
25
24
25
64
30
28
66
28
61
53
37
40
26
27
72
32
27
32
27
31
28
31
27
33
29
34
30
28
32
41
31
175
27
33
32
25
27
37
31
24
31
83
31
29
28
24
25
27
20
23
22
26
27
44
23
24
31
29
28
26
28
27
26
22
31
24
25
26
38
41
33
32
27
33
25
49
36
36
28
24
23
26
26
29
21
46
42
22
21
25
24
26
29
38
21
25
29
25
47
24
33
29
28
27
24
23
23
25
20
30
22
32
23
24
28
25
25
34
25
23
22
21
22
23
25
29
27
46
70
23
25
31
29
23
28
28
26
26
27
39
23
20
29
22
21
23
25
23
26
49
27
88
24
27
51
31
21
22
21
24
25
24
34
24
22
21
35
21
24
27
24
26
23
27
26
43
24
21
30
23
29
22
21
25
25
25
25
23
35
25
21
28
31
29
33
32
24
70
29
26
27
34
30
42
29
27
27
27
30
29
28
26
25
29
26
26
29
50
27
28
27
26
22
23
39
23
31
26
25
29
22
29
28
27
26
39
29
25
35
24
24
29
27
32
40
28
27
21
33
26
24
27
36
30
32
27
30
33
31
26
32
35
34
38
27
30
24
26
25
33
32
36
36
34
29
31
35
27
47
28
23
24
22
20
23
24
26
33
31
26
32
54
30
28
26
29
26
26
34
26
23
26
28
28
28
27
23
22
26
28
26
30
29
28
28
33
27
26
27
28
24
31
32
25
25
34
24
25
27
22
23
22
46
23
23
31
30
26
31
29
56
31
31
30
29
23
27
25
34
38
24
52
28
65
32
28
23
26
26
25
23
26
30
29
29
26
44
26
25
26
29
28
29
25
22
24
29
30
44
27
27
29
25
41
27
48
29
37
39
28
29
30
31
29
29
28
30
25
28
27
29
35
29
28
26
22
25
26
31
32
24
23
22
20
21
85
25
23
22
21
26
22
22
25
21
26
40
24
23
27
24
21
27
21
22
24
28
22
21
20
30
27
24
24
27
26
23
28
26
28
29
23
22
27
29
24
26
27
29
23
30
23
29
26
33
29
22
26
26
29
28
24
27
55
34
29
29
32
24
28
54
30
23
21
31
27
25
34
21
29
27
21
24
27
23
26
24
20
25
23
22
27
27
27
28
20
23
23
23
22
26
21
26
29
24
23
22
21
30
36
24
30
27
32
33
35
22
24
