25
23
32
26
31
27
84
25
36
21
24
39
23
21
28
28
24
23
24
30
27
59
27
37
27
35
39
34
25
27
23
31
23
49
24
23
33
22
27
22
39
22
26
24
22
26
25
24
43
22
24
44
27
24
24
33
30
25
22
80
35
32
46
61
24
32
21
31
29
29
237
63
27
26
24
31
149
27
25
32
21
25
194
30
28
21
48
36
60
29
28
24
47
22
45
28
23
75
45
25
27
36
32
26
35
26
21
28
24
40
32
60
55
25
34
35
23
26
93
23
22
61
41
27
25
37
174
53
148
55
30
27
27
34
37
34
29
50
24
26
30
22
41
21
47
24
24
22
20
24
38
23
45
37
31
22
36
31
75
33
109
69
37
21
58
80
31
25
27
19
35
28
23
24
24
26
36
23
24
42
30
24
37
26
24
33
33
27
31
28
59
75
47
21
23
30
22
26
24
26
62
23
46
23
39
27
159
29
28
60
22
27
46
27
23
37
26
30
28
21
25
30
27
92
24
32
22
67
38
27
63
33
25
21
49
28
22
63
24
28
26
37
24
52
25
49
51
26
25
47
23
22
24
24
31
78
23
24
55
21
23
33
31
23
29
30
24
27
33
31
33
49
25
69
22
26
27
25
25
21
72
42
47
24
67
55
41
81
32
26
25
46
26
73
30
37
39
20
26
24
30
30
24
23
453
40
27
968
894
25
34
29
24
24
28
47
36
28
53
48
70
38
22
22
104
28
22
26
23
39
22
46
23
33
32
26
27
29
31
47
26
27
21
25
31
33
28
24
20
27
33
29
27
47
27
31
30
24
30
36
31
23
24
29
27
61
33
29
42
24
23
37
21
25
31
30
26
39
25
33
26
27
87
22
41
42
26
25
22
53
1947
1969
1086
229
107
1261
27
26
45
24
35
20
61
27
35
25
59
28
23
51
24
55
25
42
22
36
33
33
30
32
26
69
28
67
23
22
79
32
25
25
34
33
25
25
26
21
31
21
88
28
29
58
20
22
24
34
41
40
27
65
38
45
24
25
31
25
23
25
38
32
22
24
24
34
24
43
47
44
25
24
48
32
32
26
22
22
27
47
30
28
22
26
30
29
41
41
24
24
31
27
23
29
30
52
26
27
25
23
40
26
61
70
23
22
26
33
52
22
26
33
32
121
33
54
98
187
36
26
30
27
30
109
104
32
50
25
34
37
21
36
24
30
24
42
23
24
28
24
23
22
21
26
24
71
23
21
92
27
26
25
27
26
33
21
25
51
27
26
55
23
24
36
54
52
31
21
23
27
23
22
32
25
24
147
28
29
28
27
59
22
50
28
34
33
45
28
38
48
61
27
42
26
56
30
25
24
21
23
24
43
30
24
28
31
35
25
57
23
300
47
547
584
92
30
36
31
22
33
24
22
41
23
29
48
23
42
26
48
50
33
37
26
42
45
23
22
23
27
56
20
23
23
28
27
35
54
27
53
32
64
23
24
22
22
39
21
30
26
22
24
23
21
25
22
21
27
23
22
44
24
23
22
24
27
51
28
23
23
27
29
29
24
30
25
27
40
58
33
31
44
66
33
33
95
33
25
33
28
32
24
50
106
100
207
28
27
82
30
26
30
29
38
27
25
27
27
26
22
21
26
26
27
26
22
21
25
20
28
22
21
27
21
25
27
23
22
21
23
32
24
21
28
25
21
26
36
54
28
22
23
34
28
22
22
26
50
27
22
34
30
29
75
51
65
114
76
48
23
22
29
181
94
56
178
147
59
165
63
139
128
137
157
26
100
99
29
216
272
216
26
32
24
30
279
161
168
257
52
103
129
348
205
75
159
89
137
50
236
262
133
85
214
235
23
54
398
124
71
208
84
455
340
399
187
151
107
96
160
45
79
63
44
60
69
137
160
36
87
217
40
24
31
97
140
86
98
117
166
62
93
69
108
112
41
140
31
75
60
64
72
21
62
223
235
119
203
182
186
165
116
213
86
100
69
98
130
173
99
47
26
24
27
24
21
24
25
24
23
23
21
23
27
34
25
27
23
22
21
20
32
28
29
23
24
23
23
21
27
23
29
23
27
22
21
28
24
27
26
26
30
30
25
28
21
24
26
24
25
25
22
28
22
27
22
33
270
1259
2041
31
28
38
40
26
35
22
42
29
23
22
21
162
37
26
26
27
22
27
21
2192
1881
2985
560
1751
81
23
41
34
23
22
22
22
27
25
24
27
27
23
22
23
1775
161
1156
1465
1271
348
965
1987
35
28
22
27
23
32
35
38
95
81
65
29
32
27
25
24
21
30
28
26
28
24
24
27
24
22
23
24
23
1233
1590
31
23
29
34
25
24
20
23
27
25
23
21
23
22
22
21
22
23
22
23
26
25
24
27
22
30
23
26
24
30
24
28
27
21
25
41
25
29
30
24
28
26
27
28
37
21
28
25
34
2098
323
302
1134
2182
2397
2756
22
27
30
30
50
59
63
32
253
192
32
187
196
96
139
42
33
23
50
23
30
26
37
23
22
21
25
228
344
277
232
300
84
28
44
27
24
25
22
34
23
26
22
23
27
36
31
26
48
51
36
51
33
30
44
38
32
29
28
23
25
27
30
32
31
29
30
27
28
26
31
30
31
43
77
29
25
32
25
35
33
29
41
29
36
30
27
24
33
29
33
25
50
34
31
28
24
28
26
76
27
24
50
30
28
30
26
27
28
29
43
30
23
23
30
35
21
26
21
28
27
33
32
26
25
31
28
46
27
57
45
23
26
26
30
31
34
33
26
25
33
30
28
31
25
24
71
22
21
34
22
29
25
38
29
40
26
27
26
45
26
36
22
32
27
21
35
28
45
25
28
35
32
24
29
30
31
22
26
22
23
35
26
34
28
32
26
22
23
30
38
34
26
31
47
35
65
33
32
32
31
30
37
52
28
122
32
26
25
24
26
132
86
30
24
29
28
27
26
28
186
101
105
36
28
36
29
67
138
25
27
30
47
23
25
162
28
30
25
29
28
30
49
34
38
27
37
31
29
28
55
24
124
96
36
27
28
36
30
57
62
35
33
27
25
31
29
29
26
24
22
31
24
56
28
28
29
40
145
27
31
27
30
201
30
31
24
21
25
76
35
30
34
25
23
28
26
30
26
39
33
99
30
39
24
25
29
67
34
28
23
30
30
23
31
26
24
29
25
29
24
35
29
31
58
32
30
38
39
54
34
32
28
32
30
28
24
23
59
50
25
36
27
30
27
1008
3803
1904
66
27
33
30
31
32
344
195
247
32
29
28
33
28
29
27
138
28
22
30
27
26
28
336
205
23
23
32
43
38
170
276
56
41
25
28
30
29
24
36
258
156
30
29
30
29
29
128
35
24
26
32
58
22
54
27
24
24
20
28
26
40
24
22
92
22
22
25
31
27
21
99
58
27
29
29
34
34
80
84
27
28
33
29
31
23
25
38
105
80
65
33
31
67
32
120
27
31
32
31
42
53
51
23
21
31
37
29
27
39
23
31
34
38
26
24
30
33
45
50
29
35
34
31
26
39
160
161
22
29
31
24
28
31
24
45
153
24
27
30
23
35
24
23
22
23
26
35
35
32
69
38
45
29
28
43
26
34
37
30
126
28
26
24
25
23
27
84
35
23
29
29
31
30
128
28
29
37
29
35
28
32
23
34
23
22
24
27
24
65
22
23
27
23
23
31
27
25
72
21
21
34
27
24
29
34
27
27
37
26
29
27
26
62
30
134
60
32
32
45
27
38
161
77
31
49
32
34
53
30
27
32
165
33
30
24
36
25
25
59
70
118
29
32
27
36
112
125
109
25
32
28
27
31
27
26
287
81
29
38
27
33
23
81
22
28
34
28
27
33
36
25
35
23
27
19
26
22
26
25
93
64
29
46
32
384
73
101
40
50
26
27
45
35
65
80
36
26
62
30
28
297
29
28
101
54
42
36
26
57
46
57
27
30
33
28
27
26
82
101
160
28
40
30
22
31
25
24
28
56
22
34
60
45
68
30
32
21
44
78
34
33
22
30
24
25
49
29
24
26
23
28
97
36
32
23
73
26
30
48
23
47
35
27
22
108
21
23
28
100
109
30
37
63
61
73
28
28
36
43
53
30
94
27
35
28
25
37
29
28
108
132
31
46
32
37
26
255
123
23
23
33
27
24
200
128
145
140
136
31
88
36
31
66
30
68
26
114
35
26
25
29
31
24
203
121
134
114
85
31
40
34
34
34
130
98
80
43
22
25
27
30
125
90
32
31
27
39
108
109
25
26
30
29
26
30
28
36
30
32
32
1034
73
72
34
29
34
32
34
27
25
60
114
150
105
31
29
30
26
30
26
199
29
26
31
22
26
27
85
32
25
54
23
24
30
29
28
128
100
130
31
56
29
28
127
23
25
23
23
25
27
39
127
134
30
28
25
28
25
966
1001
1285
461
41
1785
38
31
27
24
24
24
34
28
25
26
31
25
28
27
28
187
125
143
27
28
27
31
120
171
163
31
33
33
33
116
99
123
162
36
45
33
42
27
30
112
164
161
34
30
28
31
40
69
30
27
31
38
32
255
205
229
137
30
27
34
51
26
96
44
228
45
40
38
37
78
55
24
26
26
41
30
30
157
120
37
37
37
37
43
31
65
48
79
89
36
39
23
27
82
195
30
25
25
25
30
30
97
22
39
22
27
31
41
38
29
38
22
37
25
24
27
29
38
42
62
26
169
40
27
29
32
25
25
31
32
27
37
25
29
28
27
229
124
68
31
42
29
859
2884
2224
345
37
69
74
61
24
41
28
35
154
84
93
35
972
91
44
39
53
62
81
31
28
29
31
27
25
86
135
396
1637
1710
135
37
34
31
26
25
28
35
30
102
25
25
33
27
32
43
39
28
30
25
144
28
27
30
27
21
24
1440
31
25
24
58
167
80
24
26
22
24
67
113
38
31
32
36
38
27
52
74
60
23
32
33
28
22
55
50
27
30
25
27
26
27
28
40
27
27
36
28
25
44
30
32
40
25
39
25
29
35
31
26
30
48
41
38
27
31
108
220
29
26
34
23
27
118
27
26
30
26
30
23
27
125
1833
380
2829
813
2445
26
38
22
35
101
42
21
33
21
25
24
87
26
30
38
29
27
43
23
23
25
27
24
31
28
25
27
31
25
38
53
28
44
27
25
149
73
26
2709
281
33
35
28
27
29
26
97
106
41
34
36
30
45
223
136
166
32
32
34
35
28
34
32
154
121
33
30
31
34
28
72
267
45
29
43
27
29
201
66
207
33
39
34
27
34
25
31
146
71
47
33
34
33
31
140
102
27
34
28
28
29
131
178
240
27
30
24
23
66
34
62
96
33
98
27
29
30
35
65
202
106
28
96
27
46
57
89
121
30
23
38
28
28
22
30
53
110
33
33
64
32
32
102
439
402
171
38
35
29
76
80
178
92
35
57
37
23
35
31
161
88
69
30
37
32
27
88
100
22
30
28
27
28
63
90
81
34
24
29
30
28
27
36
105
122
165
184
204
200
35
40
60
202
118
55
125
95
55
64
27
45
30
27
182
100
31
29
47
28
30
95
74
58
36
59
33
26
100
113
166
129
137
141
27
32
34
27
120
125
168
26
27
40
34
130
108
33
29
36
51
30
133
136
106
152
77
78
96
62
53
29
134
121
255
300
67
308
31
212
390
212
27
30
32
38
203
291
257
329
238
44
27
29
28
25
130
113
44
65
52
103
124
125
30
34
35
28
101
97
35
26
31
67
135
26
30
31
24
23
126
22
27
33
32
35
26
159
27
28
131
27
28
24
35
27
70
28
77
25
32
24
27
130
115
36
26
25
24
23
74
25
24
23
20
30
24
43
21
24
79
38
39
25
100
34
24
88
29
33
119
26
95
25
172
86
82
27
28
20
22
31
27
26
99
89
25
30
23
21
23
120
21
28
24
23
21
21
171
102
151
27
31
34
28
23
3631
26
24
150
30
33
27
77
22
26
30
117
26
25
25
28
27
27
38
76
30
34
30
26
32
23
134
144
213
26
24
22
31
24
21
22
26
22
28
27
21
21
29
28
55
21
22
25
25
25
84
203
97
25
22
28
22
24
23
22
31
24
25
29
35
44
28
26
24
23
27
51
22
26
53
23
23
95
22
33
25
27
24
178
123
32
26
23
25
31
25
125
26
25
23
26
26
26
32
23
199
188
27
25
24
23
24
33
117
23
24
22
21
28
24
32
38
45
27
27
53
81
61
51
27
29
34
30
221
204
28
24
35
66
21
30
27
26
25
21
25
24
25
26
24
102
24
27
35
37
39
31
60
26
30
30
27
33
86
130
26
22
31
23
24
23
32
24
25
27
31
28
23
26
36
49
28
39
25
46
24
81
55
127
22
26
27
21
28
25
26
50
212
30
30
144
23
22
23
78
25
29
178
23
27
22
73
26
23
26
23
29
21
27
20
25
29
23
32
72
28
31
28
24
28
22
24
28
32
129
31
23
28
68
26
66
35
117
20
23
47
24
45
22
26
25
26
21
25
28
23
24
23
23
26
28
24
23
20
25
27
32
21
33
29
26
23
27
23
33
25
120
25
20
22
21
21
23
22
24
23
33
22
21
25
74
65
79
33
29
26
37
25
26
25
21
20
24
22
27
89
30
26
25
24
21
25
29
33
21
23
24
25
21
23
22
23
24
23
23
26
21
26
22
21
26
30
24
23
21
25
24
23
86
25
23
22
25
26
21
21
21
25
22
23
23
22
26
22
57
23
22
126
100
40
23
22
101
27
23
25
24
25
23
26
21
22
21
21
44
22
26
66
27
22
19
100
72
26
25
34
26
22
33
32
27
25
28
30
26
26
27
26
160
34
24
23
28
28
27
106
405
397
469
175
24
41
26
24
56
30
27
27
26
100
41
25
27
26
25
124
38
22
23
24
22
23
22
26
115
24
30
29
33
22
22
84
29
24
32
25
23
28
24
122
22
28
24
22
23
22
137
185
23
27
38
135
102
25
23
22
23
23
22
28
27
31
22
24
26
30
27
25
161
29
28
22
23
23
32
112
29
23
22
24
23
26
29
27
22
116
22
26
21
42
33
35
155
26
24
45
35
25
22
22
28
50
27
24
31
27
21
98
27
22
29
22
23
27
25
35
21
30
27
21
23
22
23
26
21
45
23
67
102
67
24
22
28
39
28
24
49
23
25
41
23
29
27
30
31
29
28
32
43
38
28
60
129
47
23
22
23
22
21
26
70
41
23
22
25
34
33
29
29
28
27
23
21
25
22
138
96
26
21
38
22
22
26
25
31
22
27
24
25
30
24
31
101
85
30
30
24
35
165
28
37
34
25
24
41
29
31
261
148
54
25
27
35
27
24
30
23
22
25
29
23
27
87
32
26
25
26
25
24
118
31
101
145
103
105
29
41
166
29
228
104
32
31
28
26
28
152
24
23
60
30
28
22
26
69
67
101
28
23
27
26
25
24
151
22
26
25
31
22
21
27
32
23
22
23
28
30
31
28
136
29
44
25
30
30
28
32
33
87
28
30
32
33
88
25
29
64
29
32
28
334
69
27
32
38
30
29
368
140
30
29
28
37
133
202
208
27
33
24
23
29
24
29
164
80
27
29
29
25
36
98
32
32
22
30
29
48
30
115
240
30
47
27
171
218
192
41
30
26
27
248
291
100
262
30
29
25
27
26
28
27
78
33
24
25
24
28
63
37
41
23
36
25
32
49
107
42
28
22
24
151
29
25
26
25
30
29
35
31
36
21
27
28
21
34
130
44
28
24
26
35
122
139
36
26
24
35
30
25
29
80
42
84
25
30
79
29
28
48
37
28
28
42
38
117
87
116
30
31
26
28
30
27
257
35
27
39
33
27
126
138
27
26
30
29
28
24
24
76
145
29
31
143
31
39
38
40
32
76
29
27
169
145
115
30
125
38
27
27
30
67
43
28
58
27
35
36
28
25
258
101
30
31
36
26
35
32
168
27
85
27
24
28
24
143
26
33
34
34
144
130
29
23
22
24
23
23
30
34
32
27
40
28
37
73
58
27
37
29
32
29
27
38
168
94
30
29
31
70
33
27
182
30
25
26
33
31
31
112
24
27
49
26
27
24
25
24
43
24
28
192
28
25
28
77
28
53
30
31
32
30
25
147
32
28
35
28
28
29
26
27
106
25
29
23
28
27
32
28
175
26
33
49
31
27
25
161
40
38
30
29
35
64
47
42
134
26
49
38
30
34
37
34
31
26
36
31
26
25
23
82
91
25
51
29
29
38
181
1775
122
62
31
25
30
22
32
41
44
32
23
35
27
31
26
34
238
27
32
23
24
28
25
28
31
38
32
28
27
29
190
124
28
27
23
27
26
27
26
28
29
36
37
32
26
35
49
128
256
29
25
26
28
79
83
72
34
29
40
49
32
27
24
27
72
34
26
33
32
27
46
32
25
25
75
92
35
31
20
24
33
28
39
23
101
25
43
25
23
56
26
105
22
26
27
36
77
35
201
110
145
23
25
33
27
19
31
32
158
67
27
89
35
42
25
105
141
22
57
24
49
36
60
26
50
42
26
33
26
50
37
30
96
181
24
68
25
30
36
62
21
25
24
24
25
21
47
24
118
28
31
24
26
22
23
188
78
115
28
28
27
41
24
86
78
32
77
31
33
26
30
40
59
372
24
27
36
35
23
221
249
238
27
23
24
25
29
175
37
28
34
41
42
30
27
33
45
39
70
55
38
29
23
134
167
31
35
31
29
35
33
120
32
67
24
60
27
26
30
38
332
115
58
38
31
34
71
191
187
43
26
30
29
21
26
52
24
30
22
22
29
26
28
31
94
32
29
32
27
59
29
278
252
35
34
32
200
27
27
220
27
31
26
33
25
33
29
28
167
186
43
34
236
64
38
37
38
29
30
344
326
182
29
26
26
35
28
29
28
51
129
25
26
39
34
34
156
160
29
43
38
35
29
244
100
111
29
27
26
25
29
30
25
90
112
28
32
37
29
30
31
27
31
198
94
28
36
35
45
24
51
26
26
27
24
28
151
81
81
77
27
121
84
141
84
33
24
78
75
74
28
27
26
208
85
140
73
105
30
39
37
151
109
28
31
30
29
50
63
32
34
61
29
99
28
33
29
73
75
35
24
28
28
30
62
190
51
33
93
108
31
25
105
37
35
23
61
44
266
33
24
30
26
33
26
183
319
30
44
30
23
29
62
56
46
96
40
30
28
31
64
26
67
32
26
25
39
25
28
298
167
33
31
37
35
47
174
172
28
35
61
36
34
31
30
24
99
66
47
40
32
31
32
69
133
35
27
34
30
38
47
55
50
22
22
28
32
34
27
77
163
59
34
27
31
26
74
109
31
25
28
27
29
97
95
125
31
25
26
35
24
26
39
80
137
40
26
42
25
55
76
30
25
30
33
38
29
43
126
33
21
26
23
21
29
24
23
28
38
29
33
31
31
29
46
49
33
27
36
31
36
27
34
104
69
25
30
30
56
29
32
25
31
25
28
55
44
73
27
22
30
27
28
146
36
22
46
39
117
94
56
27
35
27
23
23
22
24
23
22
25
23
22
21
22
21
27
35
34
26
20
22
41
38
27
29
28
29
24
27
25
23
25
26
24
23
27
23
24
59
38
29
93
39
65
33
28
98
25
38
74
24
26
27
144
52
36
38
25
30
22
21
32
38
28
26
78
35
24
46
34
26
24
27
30
31
76
25
32
32
44
34
29
27
48
47
27
30
56
31
38
31
29
23
28
31
26
39
30
30
28
34
21
23
27
23
27
29
25
28
40
34
41
71
52
40
51
27
43
23
39
24
23
22
20
23
32
30
30
35
20
24
32
29
28
29
63
24
32
33
32
30
29
23
37
39
27
91
140
29
33
32
28
24
29
28
49
32
26
38
38
37
26
48
24
53
30
23
25
27
20
22
28
24
23
22
27
25
90
45
51
35
24
30
34
29
25
26
27
26
24
31
22
25
23
27
28
24
26
21
25
24
52
22
168
24
28
31
23
23
25
29
23
21
27
25
26
22
27
24
21
30
28
31
22
38
21
25
29
22
24
23
24
23
22
31
25
28
28
23
26
30
26
128
68
28
35
33
26
30
28
25
26
23
30
44
37
33
32
31
34
1637
2614
1325
114
591
57
27
20
24
28
22
20
22
26
27
23
25
23
21
22
21
21
25
28
26
33
26
27
29
78
26
24
29
42
37
26
28
35
31
29
179
33
744
36
60
34
34
25
25
21
29
22
25
22
38
29
26
27
24
26
25
23
25
23
25
21
25
21
25
29
23
28
33
33
33
36
27
31
25
24
65
25
26
26
24
26
45
1470
430
754
513
2722
935
2440
3420
27
24
34
21
23
23
21
23
135
23
29
25
22
21
25
22
36
28
26
28
27
26
35
24
25
20
23
24
22
25
21
21
915
79
40
31
26
32
48
29
34
37
28
25
40
51
31
30
75
24
31
68
41
29
47
31
25
37
22
50
31
28
30
34
25
29
31
24
24
27
26
3485
1496
27
23
23
20
30
24
23
25
22
23
29
27
41
42
30
26
25
24
48
23
23
86
24
27
26
30
34
26
32
31
27
28
21
23
27
21
25
26
30
29
28
22
28
26
25
31
28
21
25
24
26
61
28
27
36
30
34
26
28
32
26
29
23
21
25
24
27
25
23
24
23
22
36
24
34
22
21
22
31
29
107
28
26
31
42
35
36
31
25
24
25
32
31
29
27
26
28
26
25
132
26
22
23
27
34
27
25
21
30
25
27
26
25
24
22
31
155
28
30
28
37
31
30
31
25
29
30
31
56
28
34
25
25
38
30
40
30
109
29
38
31
26
47
24
28
30
29
35
49
61
57
33
27
26
28
32
28
29
30
49
25
32
32
36
32
32
47
27
89
34
34
30
30
35
41
26
24
22
31
30
24
27
31
30
37
29
27
31
28
32
33
132
39
74
591
309
25
30
36
52
46
27
45
25
29
24
28
23
53
33
31
31
31
30
81
29
33
35
32
285
32
77
41
45
27
29
28
37
29
28
27
29
28
35
33
25
28
27
31
29
30
26
27
24
31
24
25
35
56
35
32
32
49
37
37
34
28
74
38
41
24
37
35
27
38
30
34
33
31
39
26
27
37
42
36
32
26
25
25
26
28
32
37
31
25
23
28
40
27
62
27
36
28
70
26
28
23
30
116
36
26
25
34
30
34
33
31
33
48
71
66
38
27
35
54
28
35
33
32
31
23
30
23
28
27
26
30
36
184
224
32
27
28
30
33
22
28
41
23
22
34
32
35
26
29
28
23
32
29
28
137
28
22
31
24
27
28
59
48
30
71
26
21
30
26
30
23
22
21
33
25
30
56
28
29
40
29
28
24
30
38
26
36
29
207
101
36
27
27
40
27
26
25
26
30
26
31
35
31
30
51
30
24
26
24
57
31
143
25
27
902
3029
822
116
724
2923
73
27
21
2022
634
31
22
28
21
68
24
25
24
23
24
24
24
23
27
23
24
28
38
37
33
27
23
22
21
25
28
34
26
25
21
27
26
27
25
27
23
161
173
39
21
20
20
34
34
28
107
30
57
38
27
29
57
31
28
23
32
31
26
30
130
25
27
33
21
24
26
24
21
25
24
23
27
25
27
35
25
84
24
30
31
26
27
32
38
52
32
45
23
35
28
25
23
27
26
29
37
56
22
32
35
29
28
26
34
28
22
37
49
23
30
25
27
33
28
41
26
26
28
34
28
26
27
28
28
53
2061
513
2613
1837
31
33
28
28
27
124
27
35
29
30
27
27
23
34
30
21
23
29
23
29
25
24
33
31
30
3185
2282
28
25
26
43
26
35
23
27
26
30
33
27
25
27
23
21
23
24
26
27
26
22
29
28
25
21
21
25
24
21
24
26
25
34
27
38
23
76
25
23
29
78
97
31
37
51
44
33
23
59
68
28
28
100
55
27
31
30
32
21
22
24
22
23
34
19
23
57
34
25
26
55
28
28
24
29
25
29
36
33
39
78
30
34
22
26
22
26
28
24
32
81
45
27
28
30
31
28
34
29
33
29
27
23
84
44
25
23
29
28
23
27
27
31
26
26
33
29
19
26
25
26
34
23
30
98
24
25
68
33
60
47
29
40
30
24
22
37
26
83
40
31
25
24
21
27
26
29
25
70
28
35
35
24
26
37
26
24
25
24
24
24
25
29
22
27
59
28
28
27
23
20
22
31
27
22
25
28
29
28
23
31
29
38
23
24
48
22
25
21
24
21
26
46
30
21
25
24
21
21
21
29
22
26
29
28
27
22
56
55
25
126
26
31
30
23
71
31
23
27
24
22
22
24
23
21
27
27
47
25
32
45
31
41
29
25
43
27
